1779161280319 145.0319061279297 0
1779161280335 40.384979248046875 1
1779161280343 39.1566047668457 2
1779161280343 38.7701301574707 3
1779161280359 38.24447250366211 4
1779161280359 37.82367706298828 5
1779161280376 37.54331588745117 6
1779161280376 36.76967239379883 7
1779161280391 36.840858459472656 8
1779161280407 36.28761291503906 9
1779161280407 36.30490493774414 10
1779161280423 35.87433624267578 11
1779161280423 35.523231506347656 12
1779161280439 35.440914154052734 13
1779161280439 35.00338363647461 14
1779161280455 34.96334457397461 15
1779161280455 34.50843048095703 16
1779161280471 34.4516487121582 17
1779161280471 34.169898986816406 18
1779161280487 34.19137954711914 19
1779161280487 33.40331268310547 20
1779161280502 33.46757507324219 21
1779161280502 33.39421081542969 22
1779161280518 33.00942611694336 23
1779161280518 32.848854064941406 24
1779161280534 32.67012405395508 25
1779161280542 32.78070831298828 26
1779161280550 32.412940979003906 27
1779161280550 32.33030700683594 28
1779161280566 32.43809127807617 29
1779161280566 32.045074462890625 30
1779161280584 31.900426864624023 31
1779161280319 145.0319061279297 0
