1779312050888 241.71633911132812 0
1779312050906 229.01351928710938 1
1779312050921 172.17697143554688 2
1779312050922 79.98704528808594 3
1779312050938 41.475242614746094 4
1779312050938 38.41829299926758 5
1779312050955 38.084041595458984 6
1779312050972 37.694862365722656 7
1779312050972 37.74134826660156 8
1779312050989 38.08989334106445 9
1779312051006 37.486289978027344 10
1779312051020 37.08095169067383 11
1779312051022 36.83734893798828 12
1779312051039 36.538490295410156 13
1779312051039 36.65666198730469 14
1779312051056 37.004234313964844 15
1779312051072 36.356536865234375 16
1779312051072 36.695404052734375 17
1779312051089 36.49415969848633 18
1779312051105 36.092201232910156 19
1779312051106 36.682891845703125 20
1779312051122 36.403194427490234 21
1779312051139 36.208866119384766 22
1779312051139 35.96688461303711 23
1779312051155 36.21372985839844 24
1779312051170 35.799224853515625 25
1779312051172 35.736637115478516 26
1779312051189 35.605003356933594 27
1779312051189 35.904441833496094 28
1779312051205 36.04057693481445 29
1779312051222 35.51284408569336 30
1779312051236 34.763126373291016 31
1779312051239 34.93247985839844 32
1779312051255 35.22861862182617 33
1779312051271 35.171932220458984 34
1779312051272 35.677650451660156 35
1779312051289 35.079002380371094 36
1779312051303 35.23796844482422 37
1779312051305 35.694976806640625 38
1779312051322 34.82966232299805 39
1779312051322 34.76416015625 40
1779312051338 34.448970794677734 41
1779312051355 34.78849792480469 42
1779312051355 34.856239318847656 43
1779312051372 34.75356674194336 44
1779312051386 34.77056121826172 45
1779312051390 34.464908599853516 46
1779312051405 34.9172477722168 47
1779312051405 34.58108139038086 48
1779312051430 34.141151428222656 49
1779312051440 34.087772369384766 50
1779312051451 34.38278579711914 51
1779312051462 34.37730026245117 52
1779312051470 34.436222076416016 53
1779312051470 34.4129524230957 54
1779312051487 34.108924865722656 55
1779312051504 34.599422454833984 56
1779312051520 34.055397033691406 57
1779312051520 34.37893295288086 58
1779312051537 34.335716247558594 59
1779312051552 34.365684509277344 60
1779312051553 34.662261962890625 61
1779312051570 33.911521911621094 62
1779312051570 33.84866714477539 63
1779312051587 34.052001953125 64
1779312051603 34.188655853271484 65
1779312051603 34.26360321044922 66
1779312051620 34.0371208190918 67
1779312051637 33.948638916015625 68
1779312051637 34.28000259399414 69
1779312051654 34.127315521240234 70
1779312051669 33.69445037841797 71
1779312051673 33.28535461425781 72
1779312051687 33.60213851928711 73
1779312051687 34.028831481933594 74
1779312051704 33.66645050048828 75
1779312051704 33.416595458984375 76
1779312051720 33.341644287109375 77
1779312051737 33.632572174072266 78
1779312051737 33.46562194824219 79
1779312051753 33.25653839111328 80
1779312051770 33.718753814697266 81
1779312050888 241.71633911132812 0
