1779312050888 60460.90625 0
1779312050906 54516.9609375 1
1779312050921 32499.630859375 2
1779312050922 8917.94921875 3
1779312050938 2812.01708984375 4
1779312050938 2408.3349609375 5
1779312050955 2336.3798828125 6
1779312050972 2289.9677734375 7
1779312050972 2278.3701171875 8
1779312050989 2327.625 9
1779312051006 2247.2392578125 10
1779312051020 2180.52734375 11
1779312051022 2167.85009765625 12
1779312051039 2124.1220703125 13
1779312051039 2137.1357421875 14
1779312051056 2172.1552734375 15
1779312051072 2105.896728515625 16
1779312051072 2128.90380859375 17
1779312051089 2108.42041015625 18
1779312051105 2061.996337890625 19
1779312051106 2136.466064453125 20
1779312051122 2092.857666015625 21
1779312051139 2071.130615234375 22
1779312051139 2050.889892578125 23
1779312051155 2059.267578125 24
1779312051170 2020.8447265625 25
1779312051172 2021.0191650390625 26
1779312051189 2009.8427734375 27
1779312051189 2035.9576416015625 28
1779312051205 2048.747314453125 29
1779312051222 1999.8291015625 30
1779312051236 1909.585693359375 31
1779312051239 1922.7008056640625 32
1779312051255 1962.6407470703125 33
1779312051271 1947.750244140625 34
1779312051272 2008.650146484375 35
1779312051289 1947.011474609375 36
1779312051303 1956.663330078125 37
1779312051305 2012.228515625 38
1779312051322 1917.521728515625 39
1779312051322 1912.4986572265625 40
1779312051338 1869.685791015625 41
1779312051355 1911.8702392578125 42
1779312051355 1913.7486572265625 43
1779312051372 1909.4996337890625 44
1779312051386 1905.8262939453125 45
1779312051390 1876.52294921875 46
1779312051405 1926.4818115234375 47
1779312051405 1890.4364013671875 48
1779312051430 1836.083740234375 49
1779312051440 1840.597412109375 50
1779312051451 1866.1304931640625 51
1779312051462 1863.2532958984375 52
1779312051470 1866.93310546875 53
1779312051470 1865.5799560546875 54
1779312051487 1829.2008056640625 55
1779312051504 1883.56689453125 56
1779312051520 1827.7130126953125 57
1779312051520 1862.68212890625 58
1779312051537 1860.0887451171875 59
1779312051552 1860.4344482421875 60
1779312051553 1892.319580078125 61
1779312051570 1811.78955078125 62
1779312051570 1803.6597900390625 63
1779312051587 1829.854248046875 64
1779312051603 1843.439453125 65
1779312051603 1857.6534423828125 66
1779312051620 1831.5037841796875 67
1779312051637 1817.541748046875 68
1779312051637 1859.83447265625 69
1779312051654 1830.90283203125 70
1779312051669 1795.3377685546875 71
1779312051673 1756.6575927734375 72
1779312051687 1786.60595703125 73
1779312051687 1822.9312744140625 74
1779312051704 1787.114013671875 75
1779312051704 1768.4483642578125 76
1779312051720 1760.5185546875 77
1779312051737 1787.9544677734375 78
1779312051737 1763.7406005859375 79
1779312051753 1742.0809326171875 80
1779312051770 1794.347900390625 81
1779312050888 60460.90625 0
