1779161794162 244.5589141845703 0
1779161794179 240.0198211669922 1
1779161794179 227.3966827392578 2
1779161794195 203.33248901367188 3
1779161794195 170.17572021484375 4
1779161794212 129.22442626953125 5
1779161794229 86.46414184570312 6
1779161794229 54.71066665649414 7
1779161794250 41.82664108276367 8
1779161794261 39.56114959716797 9
1779161794270 38.11880111694336 10
1779161794279 38.68043899536133 11
1779161794287 38.44729232788086 12
1779161794298 38.39162063598633 13
1779161794300 37.99972915649414 14
1779161794312 38.136478424072266 15
1779161794327 38.36177444458008 16
1779161794335 37.72910690307617 17
1779161794348 38.05502700805664 18
1779161794359 37.67219543457031 19
1779161794362 37.588802337646484 20
1779161794379 37.953704833984375 21
1779161794379 37.54841232299805 22
1779161794397 37.815757751464844 23
1779161794397 37.500823974609375 24
1779161794412 37.69441604614258 25
1779161794412 36.8542594909668 26
1779161794429 37.23310470581055 27
1779161794445 37.276695251464844 28
1779161794455 37.83861541748047 29
1779161794462 36.98536682128906 30
1779161794462 37.63894271850586 31
1779161794479 36.983333587646484 32
1779161794479 36.92305374145508 33
1779161794495 36.93442916870117 34
1779161794495 37.138450622558594 35
1779161794512 36.71282196044922 36
1779161794527 36.738285064697266 37
1779161794529 36.892574310302734 38
1779161794545 36.878028869628906 39
1779161794554 36.474361419677734 40
1779161794562 36.309322357177734 41
1779161794562 36.65983581542969 42
1779161794577 37.169525146484375 43
1779161794579 36.61904525756836 44
1779161794594 36.5356330871582 45
1779161794595 36.354713439941406 46
1779161794595 36.09792709350586 47
1779161794612 36.286190032958984 48
1779161794628 36.07268142700195 49
1779161794628 36.73846435546875 50
1779161794645 36.421546936035156 51
1779161794653 36.385711669921875 52
1779161794662 36.54391860961914 53
1779161794662 36.21492385864258 54
1779161794678 36.199005126953125 55
1779161794678 35.995635986328125 56
1779161794694 36.282962799072266 57
1779161794695 36.050048828125 58
1779161794695 36.108890533447266 59
1779161794712 36.242759704589844 60
1779161794712 35.979339599609375 61
1779161794729 35.75214385986328 62
1779161794729 36.43238067626953 63
1779161794751 35.76008224487305 64
1779161794162 244.5589141845703 0
