1779311401703 34203.4140625 0
1779311401717 2495.778076171875 1
1779311401729 2259.013671875 2
1779311401742 2212.47412109375 3
1779311401755 2191.478271484375 4
1779311401767 2111.70458984375 5
1779311401772 2150.27001953125 6
1779311401791 2041.7864990234375 7
1779311401804 2102.69873046875 8
1779311401819 2014.250732421875 9
1779311401833 2059.36181640625 10
1779311401848 2025.6348876953125 11
1779311401858 2026.1773681640625 12
1779311401875 1953.721923828125 13
1779311401889 1958.955078125 14
1779311401905 1970.565185546875 15
1779311401920 1949.1165771484375 16
1779311401932 2000.09033203125 17
1779311401938 1951.47509765625 18
1779311401961 1937.2249755859375 19
1779311401982 1972.7255859375 20
1779311401997 1925.2479248046875 21
1779311402011 1922.7784423828125 22
1779311402024 1830.10595703125 23
1779311402038 1800.509521484375 24
1779311402052 1858.4825439453125 25
1779311402066 1842.7091064453125 26
1779311402082 1813.4561767578125 27
1779311402095 1772.4576416015625 28
1779311402109 1837.7354736328125 29
1779311402123 1779.93603515625 30
1779311402136 1761.5631103515625 31
1779311402152 1720.1673583984375 32
1779311402168 1729.4913330078125 33
1779311402182 1788.17724609375 34
1779311401703 34203.4140625 0
