1779311401703 165.96156311035156 0
1779311401717 39.45569610595703 1
1779311401729 37.69635009765625 2
1779311401742 37.3351936340332 3
1779311401755 37.24896240234375 4
1779311401767 36.57561111450195 5
1779311401772 36.83991622924805 6
1779311401791 35.872493743896484 7
1779311401804 36.53550338745117 8
1779311401819 35.59870529174805 9
1779311401833 36.140830993652344 10
1779311401848 35.83449935913086 11
1779311401858 35.84025192260742 12
1779311401875 35.0364990234375 13
1779311401889 35.20935821533203 14
1779311401905 35.33572006225586 15
1779311401920 35.21062469482422 16
1779311401932 35.57146072387695 17
1779311401938 35.11041259765625 18
1779311401961 34.932071685791016 19
1779311401982 35.31413650512695 20
1779311401997 34.842002868652344 21
1779311402011 34.887603759765625 22
1779311402024 34.00556564331055 23
1779311402038 33.70774841308594 24
1779311402052 34.27367401123047 25
1779311402066 34.147884368896484 26
1779311402082 33.78799057006836 27
1779311402095 33.426265716552734 28
1779311402109 34.15315628051758 29
1779311402123 33.58379364013672 30
1779311402136 33.412940979003906 31
1779311402152 33.002113342285156 32
1779311402168 33.009063720703125 33
1779311402182 33.59511184692383 34
1779311401703 165.96156311035156 0
