1779161613984 151.89385986328125 0
1779161613999 40.86461639404297 1
1779161614001 38.94416427612305 2
1779161614017 38.06580352783203 3
1779161614032 37.48129653930664 4
1779161614035 37.288597106933594 5
1779161614050 36.79710388183594 6
1779161614057 36.22142791748047 7
1779161614074 35.8900146484375 8
1779161614084 35.80168914794922 9
1779161614084 35.56948471069336 10
1779161614100 35.42106246948242 11
1779161614100 35.071556091308594 12
1779161614117 35.05618667602539 13
1779161614117 34.85392761230469 14
1779161614134 34.72518539428711 15
1779161614134 34.31755447387695 16
1779161614150 34.325801849365234 17
1779161614168 33.808631896972656 18
1779161614177 33.671504974365234 19
1779161614183 33.68357467651367 20
1779161614183 33.356689453125 21
1779161614200 33.470367431640625 22
1779161614200 33.45279312133789 23
1779161614218 33.30878448486328 24
1779161614218 33.326622009277344 25
1779161614239 33.10188674926758 26
1779161614248 32.94384765625 27
1779161614250 32.90672302246094 28
1779161614250 32.77422332763672 29
1779161614274 32.93334197998047 30
1779161614283 32.673702239990234 31
1779161614284 32.82200622558594 32
1779161614298 32.66677474975586 33
1779161614300 32.545841217041016 34
1779161614316 32.475181579589844 35
1779161614317 32.56016159057617 36
1779161614332 32.58013916015625 37
1779161614333 32.21086883544922 38
1779161614349 32.335567474365234 39
1779161613984 151.89385986328125 0
