1779161679675 52650.28515625 0
1779161679682 10172.0439453125 1
1779161679699 2483.8349609375 2
1779161679699 2360.346923828125 3
1779161679715 2398.252197265625 4
1779161679732 2310.102783203125 5
1779161679732 2324.98486328125 6
1779161679749 2292.855224609375 7
1779161679768 2262.146728515625 8
1779161679780 2232.089111328125 9
1779161679782 2154.883056640625 10
1779161679799 2156.60400390625 11
1779161679815 2168.88330078125 12
1779161679815 2132.868408203125 13
1779161679832 2089.8876953125 14
1779161679847 2106.478515625 15
1779161679849 2117.82568359375 16
1779161679866 2151.465576171875 17
1779161679878 2067.21435546875 18
1779161679882 2113.232666015625 19
1779161679899 2053.45849609375 20
1779161679899 2028.778076171875 21
1779161679915 2039.2625732421875 22
1779161679915 2046.9200439453125 23
1779161679932 1972.837646484375 24
1779161679948 2067.039794921875 25
1779161679949 1987.3388671875 26
1779161679970 1983.7825927734375 27
1779161679981 1975.93310546875 28
1779161679986 1953.385986328125 29
1779161679998 1973.2559814453125 30
1779161679998 1949.1072998046875 31
1779161680015 1934.9404296875 32
1779161680015 1929.820556640625 33
1779161680032 1904.217041015625 34
1779161679675 52650.28515625 0
