1779161540135 149.75070190429688 0
1779161540152 40.5375862121582 1
1779161540168 40.10561752319336 2
1779161540169 39.318199157714844 3
1779161540169 38.86203384399414 4
1779161540186 38.4342155456543 5
1779161540186 38.06995391845703 6
1779161540202 37.69607925415039 7
1779161540202 37.69695281982422 8
1779161540219 37.346954345703125 9
1779161540219 37.249813079833984 10
1779161540235 37.224918365478516 11
1779161540235 37.35204315185547 12
1779161540252 36.379539489746094 13
1779161540252 36.323448181152344 14
1779161540269 36.19805145263672 15
1779161540269 36.11957931518555 16
1779161540286 35.6893424987793 17
1779161540286 35.45066452026367 18
1779161540302 35.211612701416016 19
1779161540302 35.39042282104492 20
1779161540319 35.21555709838867 21
1779161540319 34.94978332519531 22
1779161540319 34.9316520690918 23
1779161540336 34.914146423339844 24
1779161540336 34.67304229736328 25
1779161540352 34.722198486328125 26
1779161540352 34.537742614746094 27
1779161540369 34.59458541870117 28
1779161540135 149.75070190429688 0
