1779161540135 30856.2734375 0
1779161540152 2618.22802734375 1
1779161540168 2559.35546875 2
1779161540169 2458.69921875 3
1779161540169 2390.503662109375 4
1779161540186 2339.589111328125 5
1779161540186 2302.460693359375 6
1779161540202 2265.0439453125 7
1779161540202 2261.097900390625 8
1779161540219 2215.278564453125 9
1779161540219 2202.96435546875 10
1779161540235 2202.599365234375 11
1779161540235 2209.990234375 12
1779161540252 2097.495849609375 13
1779161540252 2088.8974609375 14
1779161540269 2077.481689453125 15
1779161540269 2062.34521484375 16
1779161540286 2013.83203125 17
1779161540286 1998.095703125 18
1779161540302 1968.015625 19
1779161540302 1987.6326904296875 20
1779161540319 1969.368896484375 21
1779161540319 1944.845703125 22
1779161540319 1942.727783203125 23
1779161540336 1941.3255615234375 24
1779161540336 1898.4898681640625 25
1779161540352 1917.5263671875 26
1779161540352 1894.10595703125 27
1779161540369 1896.31640625 28
1779161540135 30856.2734375 0
