1779311833347 27401.1953125 0
1779311833363 2336.81494140625 1
1779311833363 2119.997314453125 2
1779311833379 2092.5341796875 3
1779311833395 2054.075927734375 4
1779311833411 2023.5028076171875 5
1779311833416 1985.8902587890625 6
1779311833427 1953.5382080078125 7
1779311833446 1915.3153076171875 8
1779311833447 1847.8194580078125 9
1779311833459 1857.8367919921875 10
1779311833475 1814.5406494140625 11
1779311833483 1803.3021240234375 12
1779311833491 1782.2110595703125 13
1779311833507 1783.946533203125 14
1779311833507 1753.681396484375 15
1779311833531 1769.6041259765625 16
1779311833544 1722.93701171875 17
1779311833548 1729.4019775390625 18
1779311833564 1700.8441162109375 19
1779311833564 1693.2655029296875 20
1779311833580 1678.3367919921875 21
1779311833596 1694.015869140625 22
1779311833596 1635.3511962890625 23
1779311833612 1638.327392578125 24
1779311833612 1613.4239501953125 25
1779311833628 1612.5213623046875 26
1779311833644 1611.68212890625 27
1779311833644 1599.3299560546875 28
1779311833664 1604.1444091796875 29
1779311833664 1587.2152099609375 30
1779311833686 1567.9852294921875 31
1779311833696 1561.903564453125 32
1779311833696 1558.646484375 33
1779311833712 1556.988037109375 34
1779311833347 27401.1953125 0
