1779161154716 243.68084716796875 0
1779161154737 236.0060577392578 1
1779161154747 220.9337158203125 2
1779161154762 198.71954345703125 3
1779161154763 171.2958984375 4
1779161154780 140.83877563476562 5
1779161154797 109.71570587158203 6
1779161154797 80.50491333007812 7
1779161154813 56.09890365600586 8
1779161154830 39.530094146728516 9
1779161154836 31.02584457397461 10
1779161154847 27.538728713989258 11
1779161154864 26.423795700073242 12
1779161154879 25.924036026000977 13
1779161154886 25.526098251342773 14
1779161154897 25.12887191772461 15
1779161154913 24.78856658935547 16
1779161154913 24.35284423828125 17
1779161154930 24.02825164794922 18
1779161154946 23.714658737182617 19
1779161154961 23.212064743041992 20
1779161154963 21.76616859436035 21
1779161154981 21.044776916503906 22
1779161154996 20.604572296142578 23
1779161154996 20.29304313659668 24
1779161155013 19.931072235107422 25
1779161155021 19.64261245727539 26
1779161155030 19.300596237182617 27
1779161155046 19.08590316772461 28
1779161155053 18.0253963470459 29
1779161155063 17.588302612304688 30
1779161155084 17.40166664123535 31
1779161155095 17.21926498413086 32
1779161154716 243.68084716796875 0
