1779311484785 116.67803192138672 0
1779311484835 38.22078323364258 1
1779311484845 36.946205139160156 2
1779311484860 35.79084396362305 3
1779311484867 35.7329216003418 4
1779311484883 35.74698257446289 5
1779311484889 34.83782196044922 6
1779311484905 34.42685317993164 7
1779311484905 34.277984619140625 8
1779311484921 34.28636169433594 9
1779311484937 34.11664962768555 10
1779311484941 33.65248489379883 11
1779311484953 33.58982467651367 12
1779311484969 33.52772903442383 13
1779311484969 33.37126541137695 14
1779311484989 33.01667785644531 15
1779311484989 32.93025207519531 16
1779311485006 33.05459213256836 17
1779311485022 32.87173080444336 18
1779311485022 32.73161697387695 19
1779311485037 32.58556365966797 20
1779311485054 32.53504943847656 21
1779311485054 32.28548049926758 22
1779311485070 32.3466682434082 23
1779311485070 32.05463790893555 24
1779311485086 31.876052856445312 25
1779311485086 31.632160186767578 26
1779311485106 31.64450454711914 27
1779311485106 31.662410736083984 28
1779311485122 31.6461238861084 29
1779311485138 31.554847717285156 30
1779311485138 31.523109436035156 31
1779311485154 31.41042137145996 32
1779311485171 31.37122917175293 33
1779311485171 31.406076431274414 34
1779311485186 31.244266510009766 35
1779311485186 30.944969177246094 36
1779311485206 30.903953552246094 37
1779311485206 30.850358963012695 38
1779311485222 30.886049270629883 39
1779311485237 30.816661834716797 40
1779311485237 30.822505950927734 41
1779311485253 30.833560943603516 42
1779311485269 30.807830810546875 43
1779311485269 30.735239028930664 44
1779311485287 30.603302001953125 45
1779311485287 30.54185676574707 46
1779311485306 30.461463928222656 47
1779311484785 116.67803192138672 0
