1779311484785 22717.94921875 0
1779311484835 2315.276123046875 1
1779311484845 2156.7216796875 2
1779311484860 2024.4722900390625 3
1779311484867 2014.896240234375 4
1779311484883 2019.7879638671875 5
1779311484889 1927.7738037109375 6
1779311484905 1873.011474609375 7
1779311484905 1853.7110595703125 8
1779311484921 1860.0458984375 9
1779311484937 1837.9158935546875 10
1779311484941 1789.015869140625 11
1779311484953 1779.3453369140625 12
1779311484969 1779.087158203125 13
1779311484969 1757.41064453125 14
1779311484989 1725.4844970703125 15
1779311484989 1721.808349609375 16
1779311485006 1728.3370361328125 17
1779311485022 1704.083984375 18
1779311485022 1693.4945068359375 19
1779311485037 1682.6002197265625 20
1779311485054 1675.4510498046875 21
1779311485054 1648.6485595703125 22
1779311485070 1663.470703125 23
1779311485070 1622.0599365234375 24
1779311485086 1607.97119140625 25
1779311485086 1582.748291015625 26
1779311485106 1586.89794921875 27
1779311485106 1588.6868896484375 28
1779311485122 1584.6436767578125 29
1779311485138 1574.5897216796875 30
1779311485138 1575.3743896484375 31
1779311485154 1567.7044677734375 32
1779311485171 1562.525146484375 33
1779311485171 1559.8807373046875 34
1779311485186 1545.895263671875 35
1779311485186 1513.4637451171875 36
1779311485206 1512.35546875 37
1779311485206 1507.0625 38
1779311485222 1506.5224609375 39
1779311485237 1509.0670166015625 40
1779311485237 1502.9188232421875 41
1779311485253 1500.6710205078125 42
1779311485269 1499.7386474609375 43
1779311485269 1496.4183349609375 44
1779311485287 1481.1800537109375 45
1779311485287 1480.5762939453125 46
1779311485306 1469.2569580078125 47
1779311484785 22717.94921875 0
