1779311549087 126.53974914550781 0
1779311549094 38.76617431640625 1
1779311549106 37.282798767089844 2
1779311549119 36.77381896972656 3
1779311549135 36.360618591308594 4
1779311549135 35.90088653564453 5
1779311549151 35.83711624145508 6
1779311549169 35.610965728759766 7
1779311549184 35.24317932128906 8
1779311549188 35.19914245605469 9
1779311549201 34.896759033203125 10
1779311549217 34.48143768310547 11
1779311549233 34.810028076171875 12
1779311549233 34.476776123046875 13
1779311549251 34.19581604003906 14
1779311549267 34.32416534423828 15
1779311549267 34.16572570800781 16
1779311549287 34.11483383178711 17
1779311549303 34.10652542114258 18
1779311549303 33.98984146118164 19
1779311549319 33.56659698486328 20
1779311549334 33.57780456542969 21
1779311549334 33.41579818725586 22
1779311549351 33.6424560546875 23
1779311549366 33.2186393737793 24
1779311549387 33.44636154174805 25
1779311549387 33.15385818481445 26
1779311549403 33.1059684753418 27
1779311549419 33.11574935913086 28
1779311549419 32.96592330932617 29
1779311549435 33.03764343261719 30
1779311549451 32.981727600097656 31
1779311549451 32.92958068847656 32
1779311549467 32.94629669189453 33
1779311549487 32.709869384765625 34
1779311549487 32.31599807739258 35
1779311549503 32.49533462524414 36
1779311549519 32.590885162353516 37
1779311549519 32.51695251464844 38
1779311549535 32.522972106933594 39
1779311549551 32.37832260131836 40
1779311549551 32.334686279296875 41
1779311549567 32.45475387573242 42
1779311549583 32.29763412475586 43
1779311549583 32.344642639160156 44
1779311549604 32.449485778808594 45
1779311549619 32.30036926269531 46
1779311549087 126.53974914550781 0
