1779311549087 25161.447265625 0
1779311549094 2392.1435546875 1
1779311549106 2204.46240234375 2
1779311549119 2137.577392578125 3
1779311549135 2090.3076171875 4
1779311549135 2041.2615966796875 5
1779311549151 2032.8370361328125 6
1779311549169 2003.5653076171875 7
1779311549184 1966.40673828125 8
1779311549188 1966.4666748046875 9
1779311549201 1920.8580322265625 10
1779311549217 1887.10888671875 11
1779311549233 1921.486328125 12
1779311549233 1884.4754638671875 13
1779311549251 1850.5006103515625 14
1779311549267 1864.1285400390625 15
1779311549267 1846.0673828125 16
1779311549287 1847.490478515625 17
1779311549303 1838.5301513671875 18
1779311549303 1829.756591796875 19
1779311549319 1786.3226318359375 20
1779311549334 1789.528076171875 21
1779311549334 1767.4012451171875 22
1779311549351 1790.575439453125 23
1779311549366 1753.6116943359375 24
1779311549387 1762.068359375 25
1779311549387 1745.23876953125 26
1779311549403 1742.357421875 27
1779311549419 1741.16796875 28
1779311549419 1721.65283203125 29
1779311549435 1730.40234375 30
1779311549451 1727.83154296875 31
1779311549451 1717.69189453125 32
1779311549467 1722.797607421875 33
1779311549487 1697.318603515625 34
1779311549487 1663.9666748046875 35
1779311549503 1674.931884765625 36
1779311549519 1684.3775634765625 37
1779311549519 1666.3758544921875 38
1779311549535 1683.900146484375 39
1779311549551 1672.150146484375 40
1779311549551 1665.7947998046875 41
1779311549567 1669.10498046875 42
1779311549583 1653.50830078125 43
1779311549583 1662.3443603515625 44
1779311549604 1668.922607421875 45
1779311549619 1656.1748046875 46
1779311549087 25161.447265625 0
