1779161000550 9682.4716796875 0
1779161000570 1374.6126708984375 1
1779161000579 1351.52783203125 2
1779161000584 1332.43408203125 3
1779161000584 1313.1400146484375 4
1779161000601 1305.731201171875 5
1779161000601 1290.0301513671875 6
1779161000617 1281.5721435546875 7
1779161000617 1269.549560546875 8
1779161000634 1265.185546875 9
1779161000649 1258.21044921875 10
1779161000651 1252.7890625 11
1779161000667 1240.81982421875 12
1779161000674 1231.4234619140625 13
1779161000682 1226.756103515625 14
1779161000684 1221.0799560546875 15
1779161000684 1215.861083984375 16
1779161000700 1213.3570556640625 17
1779161000700 1204.5726318359375 18
1779161000717 1203.7523193359375 19
1779161000717 1160.1732177734375 20
1779161000734 1151.57421875 21
1779161000734 1146.8656005859375 22
1779161000750 1148.5130615234375 23
1779161000750 1143.4869384765625 24
1779161000767 1142.5343017578125 25
1779161000774 1139.1873779296875 26
1779161000782 1137.9559326171875 27
1779161000784 1135.866943359375 28
1779161000799 1131.43212890625 29
1779161000801 1129.544677734375 30
1779161000811 1125.47509765625 31
1779161000817 1101.7271728515625 32
1779161000817 1096.4725341796875 33
1779161000834 1096.4508056640625 34
1779161000834 1093.1260986328125 35
1779161000851 1093.30126953125 36
1779161000851 1091.189453125 37
1779161000871 1088.1485595703125 38
1779161000878 1088.604736328125 39
1779161000884 1075.4993896484375 40
1779161000884 1073.203857421875 41
1779161000900 1072.1671142578125 42
1779161000903 1071.6483154296875 43
1779161000550 9682.4716796875 0
