1779161000550 65.80477905273438 0
1779161000570 29.60219955444336 1
1779161000579 29.396682739257812 2
1779161000584 29.15461540222168 3
1779161000584 28.96535873413086 4
1779161000601 28.872146606445312 5
1779161000601 28.71954917907715 6
1779161000617 28.629087448120117 7
1779161000617 28.422351837158203 8
1779161000634 28.388500213623047 9
1779161000649 28.296546936035156 10
1779161000651 28.258012771606445 11
1779161000667 28.109394073486328 12
1779161000674 27.987253189086914 13
1779161000682 27.973772048950195 14
1779161000684 27.858182907104492 15
1779161000684 27.83675193786621 16
1779161000700 27.769474029541016 17
1779161000700 27.65855598449707 18
1779161000717 27.6460018157959 19
1779161000717 27.157482147216797 20
1779161000734 27.04111671447754 21
1779161000734 26.959171295166016 22
1779161000750 26.98616600036621 23
1779161000750 26.897483825683594 24
1779161000767 26.89948081970215 25
1779161000774 26.85770034790039 26
1779161000782 26.847991943359375 27
1779161000784 26.808088302612305 28
1779161000799 26.737842559814453 29
1779161000801 26.728130340576172 30
1779161000811 26.675613403320312 31
1779161000817 26.372318267822266 32
1779161000817 26.321754455566406 33
1779161000834 26.318607330322266 34
1779161000834 26.274309158325195 35
1779161000851 26.26517105102539 36
1779161000851 26.226606369018555 37
1779161000871 26.180904388427734 38
1779161000878 26.206884384155273 39
1779161000884 26.042966842651367 40
1779161000884 26.014406204223633 41
1779161000900 25.988218307495117 42
1779161000903 25.984434127807617 43
1779161000550 65.80477905273438 0
