1779311245275 24453.404296875 0
1779311245275 2355.0400390625 1
1779311245291 2173.326416015625 2
1779311245307 2102.449462890625 3
1779311245307 2013.998046875 4
1779311245322 1980.3692626953125 5
1779311245330 1932.0009765625 6
1779311245330 1893.992431640625 7
1779311245345 1852.9483642578125 8
1779311245345 1825.555419921875 9
1779311245362 1802.242431640625 10
1779311245362 1811.5057373046875 11
1779311245378 1785.8096923828125 12
1779311245378 1761.2010498046875 13
1779311245393 1778.020751953125 14
1779311245406 1740.1722412109375 15
1779311245409 1722.1097412109375 16
1779311245426 1720.208740234375 17
1779311245432 1674.81640625 18
1779311245432 1676.7005615234375 19
1779311245448 1671.9442138671875 20
1779311245448 1667.5552978515625 21
1779311245464 1660.794189453125 22
1779311245464 1653.280029296875 23
1779311245480 1627.88330078125 24
1779311245480 1599.997314453125 25
1779311245496 1598.068359375 26
1779311245511 1580.2332763671875 27
1779311245511 1584.5238037109375 28
1779311245527 1559.965087890625 29
1779311245527 1552.089111328125 30
1779311245543 1547.677734375 31
1779311245547 1542.31103515625 32
1779311245547 1527.1337890625 33
1779311245562 1520.7904052734375 34
1779311245562 1518.4537353515625 35
1779311245578 1509.568603515625 36
1779311245275 24453.404296875 0
