1779311326689 34569.84375 0
1779311326714 2499.081298828125 1
1779311326736 2419.15673828125 2
1779311326758 2304.390380859375 3
1779311326778 2245.4697265625 4
1779311326797 2213.831787109375 5
1779311326825 2136.521240234375 6
1779311326845 2148.023193359375 7
1779311326874 2133.654541015625 8
1779311326894 2093.0654296875 9
1779311326915 2104.357177734375 10
1779311326936 2076.095458984375 11
1779311326957 2077.30224609375 12
1779311326975 2043.0556640625 13
1779311326994 2096.20947265625 14
1779311327012 2055.342041015625 15
1779311327028 2043.4259033203125 16
1779311327046 1974.5731201171875 17
1779311327065 2013.44970703125 18
1779311327082 1999.7708740234375 19
1779311327101 1975.2596435546875 20
1779311327109 1945.4315185546875 21
1779311327139 1900.1942138671875 22
1779311327157 1910.255615234375 23
1779311327172 1890.385986328125 24
1779311327188 1877.2708740234375 25
1779311327204 1853.5213623046875 26
1779311327224 1842.6798095703125 27
1779311327236 1817.23193359375 28
1779311327252 1824.33251953125 29
1779311327268 1813.3126220703125 30
1779311327284 1824.5228271484375 31
1779311327300 1774.60302734375 32
1779311327317 1788.4405517578125 33
1779311326689 34569.84375 0
