1779160688243 173.41867065429688 0
1779160688246 39.93669891357422 1
1779160688259 37.66579818725586 2
1779160688275 37.307464599609375 3
1779160688292 37.072044372558594 4
1779160688292 36.89615249633789 5
1779160688308 36.40998840332031 6
1779160688324 36.600704193115234 7
1779160688328 36.32466125488281 8
1779160688346 36.15170669555664 9
1779160688346 35.9932746887207 10
1779160688362 36.30143737792969 11
1779160688378 35.732032775878906 12
1779160688394 35.941993713378906 13
1779160688394 35.7391471862793 14
1779160688416 35.69902420043945 15
1779160688425 35.38184356689453 16
1779160688437 35.16914367675781 17
1779160688447 35.3565559387207 18
1779160688462 35.08340835571289 19
1779160688469 34.91859817504883 20
1779160688478 34.871395111083984 21
1779160688494 35.1641731262207 22
1779160688516 35.0833740234375 23
1779160688526 34.30357360839844 24
1779160688542 34.35664749145508 25
1779160688542 34.38146209716797 26
1779160688566 33.99413299560547 27
1779160688566 34.04658508300781 28
1779160688580 33.62396240234375 29
1779160688596 33.35033416748047 30
1779160688609 33.51964569091797 31
1779160688609 33.10271453857422 32
1779160688625 33.53193664550781 33
1779160688641 33.14260482788086 34
1779160688642 33.01866149902344 35
1779160688658 33.257965087890625 36
1779160688658 32.81332015991211 37
1779160688680 33.047767639160156 38
1779160688680 32.76152038574219 39
1779160688696 32.76047897338867 40
1779160688709 32.58892822265625 41
1779160688709 32.42655944824219 42
1779160688725 32.39128875732422 43
1779160688741 32.38966369628906 44
1779160688741 32.301856994628906 45
1779160688757 32.38643264770508 46
1779160688775 31.88018035888672 47
1779160688779 32.150917053222656 48
1779160688795 32.43024444580078 49
1779160688795 32.044677734375 50
1779160688243 173.41867065429688 0
