1779160688243 35804.421875 0
1779160688246 2547.53271484375 1
1779160688259 2242.127685546875 2
1779160688275 2193.078125 3
1779160688292 2170.060791015625 4
1779160688292 2139.578125 5
1779160688308 2102.5078125 6
1779160688324 2109.045166015625 7
1779160688328 2094.011474609375 8
1779160688346 2058.242919921875 9
1779160688346 2042.0499267578125 10
1779160688362 2077.582275390625 11
1779160688378 2016.41796875 12
1779160688394 2036.4871826171875 13
1779160688394 2013.9217529296875 14
1779160688416 2021.231689453125 15
1779160688425 1980.86474609375 16
1779160688437 1957.73046875 17
1779160688447 1960.54833984375 18
1779160688462 1939.818603515625 19
1779160688469 1931.199951171875 20
1779160688478 1921.0633544921875 21
1779160688494 1955.853515625 22
1779160688516 1940.3778076171875 23
1779160688526 1865.59326171875 24
1779160688542 1872.200439453125 25
1779160688542 1863.0302734375 26
1779160688566 1826.11962890625 27
1779160688566 1829.1817626953125 28
1779160688580 1796.7811279296875 29
1779160688596 1759.8441162109375 30
1779160688609 1774.304931640625 31
1779160688609 1738.4678955078125 32
1779160688625 1775.0799560546875 33
1779160688641 1747.4295654296875 34
1779160688642 1732.973876953125 35
1779160688658 1757.218017578125 36
1779160688658 1700.28076171875 37
1779160688680 1728.4892578125 38
1779160688680 1704.4442138671875 39
1779160688696 1698.5831298828125 40
1779160688709 1675.09423828125 41
1779160688709 1667.0255126953125 42
1779160688725 1662.4859619140625 43
1779160688741 1663.8389892578125 44
1779160688741 1654.80517578125 45
1779160688757 1661.2564697265625 46
1779160688775 1616.3189697265625 47
1779160688779 1636.670166015625 48
1779160688795 1666.8453369140625 49
1779160688795 1630.3277587890625 50
1779160688243 35804.421875 0
