1779311128251 11252.619140625 0
1779311128251 2067.228759765625 1
1779311128266 2012.0267333984375 2
1779311128266 1957.4580078125 3
1779311128282 1937.919189453125 4
1779311128282 1881.18359375 5
1779311128298 1886.5257568359375 6
1779311128298 1839.41943359375 7
1779311128313 1852.1224365234375 8
1779311128313 1827.227783203125 9
1779311128329 1828.563720703125 10
1779311128329 1812.3099365234375 11
1779311128350 1784.206298828125 12
1779311128350 1801.308349609375 13
1779311128366 1805.5479736328125 14
1779311128366 1752.726318359375 15
1779311128382 1756.835693359375 16
1779311128382 1751.69580078125 17
1779311128398 1734.0096435546875 18
1779311128398 1754.845947265625 19
1779311128398 1731.443359375 20
1779311128414 1739.176025390625 21
1779311128414 1748.6075439453125 22
1779311128430 1727.1156005859375 23
1779311128430 1737.469482421875 24
1779311128446 1733.066162109375 25
1779311128446 1729.422607421875 26
1779311128467 1699.6265869140625 27
1779311128467 1705.232421875 28
1779311128482 1698.17822265625 29
1779311128482 1697.724365234375 30
1779311128498 1694.3380126953125 31
1779311128498 1683.5185546875 32
1779311128514 1699.1884765625 33
1779311128514 1697.0716552734375 34
1779311128530 1687.5458984375 35
1779311128530 1691.4996337890625 36
1779311128546 1675.35107421875 37
1779311128546 1690.087158203125 38
1779311128562 1685.082763671875 39
1779311128567 1681.5855712890625 40
1779311128567 1659.2017822265625 41
1779311128583 1665.4986572265625 42
1779311128583 1672.499267578125 43
1779311128599 1671.7021484375 44
1779311128599 1667.5906982421875 45
1779311128616 1666.534912109375 46
1779311128616 1648.021728515625 47
1779311128631 1662.5391845703125 48
1779311128631 1661.33349609375 49
1779311128648 1653.801025390625 50
1779311128648 1656.8875732421875 51
1779311128667 1670.5245361328125 52
1779311128667 1654.5496826171875 53
1779311128679 1664.98095703125 54
1779311128679 1658.495849609375 55
1779311128696 1656.0572509765625 56
1779311128696 1643.9268798828125 57
1779311128712 1658.61669921875 58
1779311128712 1634.90283203125 59
1779311128728 1644.5390625 60
1779311128251 11252.619140625 0
