1779311128251 73.53700256347656 0
1779311128251 36.19249725341797 1
1779311128266 35.654850006103516 2
1779311128266 35.13424301147461 3
1779311128282 35.00291061401367 4
1779311128282 34.44854736328125 5
1779311128298 34.4504280090332 6
1779311128298 34.1248893737793 7
1779311128313 34.244964599609375 8
1779311128313 34.00477600097656 9
1779311128329 33.96685791015625 10
1779311128329 33.8443489074707 11
1779311128350 33.583946228027344 12
1779311128350 33.79415512084961 13
1779311128366 33.74745178222656 14
1779311128366 33.30207443237305 15
1779311128382 33.416770935058594 16
1779311128382 33.270263671875 17
1779311128398 33.08174133300781 18
1779311128398 33.28092575073242 19
1779311128398 33.06804275512695 20
1779311128414 33.14884567260742 21
1779311128414 33.24781799316406 22
1779311128430 33.08357238769531 23
1779311128430 33.1831169128418 24
1779311128446 33.074005126953125 25
1779311128446 33.04560470581055 26
1779311128467 32.67769241333008 27
1779311128467 32.70378875732422 28
1779311128482 32.74618148803711 29
1779311128482 32.70070266723633 30
1779311128498 32.75774002075195 31
1779311128498 32.65599060058594 32
1779311128514 32.75809860229492 33
1779311128514 32.74513244628906 34
1779311128530 32.63979721069336 35
1779311128530 32.75525665283203 36
1779311128546 32.45871353149414 37
1779311128546 32.67314147949219 38
1779311128562 32.68898391723633 39
1779311128567 32.603782653808594 40
1779311128567 32.396217346191406 41
1779311128583 32.43544006347656 42
1779311128583 32.52241897583008 43
1779311128599 32.51929473876953 44
1779311128599 32.392364501953125 45
1779311128616 32.564212799072266 46
1779311128616 32.360260009765625 47
1779311128631 32.43996047973633 48
1779311128631 32.390377044677734 49
1779311128648 32.424285888671875 50
1779311128648 32.34659194946289 51
1779311128667 32.45966720581055 52
1779311128667 32.31013488769531 53
1779311128679 32.425716400146484 54
1779311128679 32.446170806884766 55
1779311128696 32.349857330322266 56
1779311128696 32.2754020690918 57
1779311128712 32.379085540771484 58
1779311128712 32.08412551879883 59
1779311128728 32.25883865356445 60
1779311128251 73.53700256347656 0
