1779311245275 122.53180694580078 0
1779311245275 38.321380615234375 1
1779311245291 37.065677642822266 2
1779311245307 36.4973030090332 3
1779311245307 35.64283752441406 4
1779311245322 35.36531066894531 5
1779311245330 34.96189498901367 6
1779311245330 34.613983154296875 7
1779311245345 34.20089340209961 8
1779311245345 33.99546432495117 9
1779311245362 33.818885803222656 10
1779311245362 33.803497314453125 11
1779311245378 33.584407806396484 12
1779311245378 33.33866500854492 13
1779311245393 33.468345642089844 14
1779311245406 33.236900329589844 15
1779311245409 32.981536865234375 16
1779311245426 32.96097946166992 17
1779311245432 32.4896240234375 18
1779311245432 32.55146789550781 19
1779311245448 32.59268569946289 20
1779311245448 32.514686584472656 21
1779311245464 32.35675811767578 22
1779311245464 32.2933349609375 23
1779311245480 32.0214958190918 24
1779311245480 31.8577880859375 25
1779311245496 31.724239349365234 26
1779311245511 31.627084732055664 27
1779311245511 31.59339141845703 28
1779311245527 31.388490676879883 29
1779311245527 31.265188217163086 30
1779311245543 31.206769943237305 31
1779311245547 31.155305862426758 32
1779311245547 31.0390682220459 33
1779311245562 30.91661262512207 34
1779311245562 30.976119995117188 35
1779311245578 30.88348388671875 36
1779311245275 122.53180694580078 0
