1779161679675 223.38832092285156 0
1779161679682 79.97132110595703 1
1779161679699 39.56901931762695 2
1779161679699 38.653987884521484 3
1779161679715 38.940269470214844 4
1779161679732 38.21166229248047 5
1779161679732 38.367244720458984 6
1779161679749 38.11922836303711 7
1779161679768 37.826560974121094 8
1779161679780 37.49338912963867 9
1779161679782 36.98893356323242 10
1779161679799 36.911373138427734 11
1779161679815 37.006134033203125 12
1779161679815 36.72566223144531 13
1779161679832 36.319515228271484 14
1779161679847 36.505043029785156 15
1779161679849 36.601261138916016 16
1779161679866 36.944419860839844 17
1779161679878 36.224517822265625 18
1779161679882 36.567195892333984 19
1779161679899 35.9132080078125 20
1779161679899 35.80635070800781 21
1779161679915 35.93946075439453 22
1779161679915 35.8906364440918 23
1779161679932 35.34418487548828 24
1779161679948 36.09440994262695 25
1779161679949 35.47874069213867 26
1779161679970 35.36705780029297 27
1779161679981 35.33962631225586 28
1779161679986 35.07679748535156 29
1779161679998 35.3064079284668 30
1779161679998 35.06454086303711 31
1779161680015 34.966800689697266 32
1779161680015 34.802921295166016 33
1779161680032 34.64531707763672 34
1779161679675 223.38832092285156 0
