1779161105107 11496.5107421875 0
1779161105115 2136.98583984375 1
1779161105115 2035.7835693359375 2
1779161105131 1998.1162109375 3
1779161105139 1929.0047607421875 4
1779161105148 1916.6566162109375 5
1779161105155 1894.5091552734375 6
1779161105164 1875.464599609375 7
1779161105171 1843.39111328125 8
1779161105181 1845.4942626953125 9
1779161105187 1842.973876953125 10
1779161105198 1843.1400146484375 11
1779161105202 1816.0374755859375 12
1779161105214 1811.0098876953125 13
1779161105218 1832.4510498046875 14
1779161105231 1824.4920654296875 15
1779161105231 1815.0079345703125 16
1779161105240 1780.0841064453125 17
1779161105248 1793.228759765625 18
1779161105255 1787.6568603515625 19
1779161105264 1758.553466796875 20
1779161105269 1787.3421630859375 21
1779161105281 1776.801025390625 22
1779161105281 1786.6334228515625 23
1779161105290 1762.85400390625 24
1779161105298 1760.8756103515625 25
1779161105304 1759.9588623046875 26
1779161105314 1722.5841064453125 27
1779161105318 1765.83935546875 28
1779161105331 1746.1259765625 29
1779161105331 1731.0675048828125 30
1779161105340 1722.00390625 31
1779161105348 1735.306396484375 32
1779161105362 1733.530517578125 33
1779161105364 1740.8125 34
1779161105372 1692.47607421875 35
1779161105381 1687.9306640625 36
1779161105388 1670.974609375 37
1779161105398 1692.5576171875 38
1779161105402 1669.2669677734375 39
1779161105414 1680.6304931640625 40
1779161105414 1675.94873046875 41
1779161105424 1664.64892578125 42
1779161105431 1674.353271484375 43
1779161105440 1664.373046875 44
1779161105452 1676.1019287109375 45
1779161105460 1661.6138916015625 46
1779161105464 1659.155517578125 47
1779161105464 1659.439453125 48
1779161105481 1673.7152099609375 49
1779161105481 1660.1846923828125 50
1779161105481 1648.377197265625 51
1779161105498 1643.4654541015625 52
1779161105498 1628.258056640625 53
1779161105514 1623.5413818359375 54
1779161105514 1613.079345703125 55
1779161105531 1620.384033203125 56
1779161105531 1609.2042236328125 57
1779161105531 1619.1458740234375 58
1779161105548 1617.169677734375 59
1779161105548 1610.6517333984375 60
1779161105564 1607.91943359375 61
1779161105564 1609.6005859375 62
1779161105581 1612.0767822265625 63
1779161105581 1585.77783203125 64
1779161105598 1594.959716796875 65
1779161105598 1602.5648193359375 66
1779161105613 1587.8802490234375 67
1779161105614 1600.3944091796875 68
1779161105614 1592.1160888671875 69
1779161105631 1596.7359619140625 70
1779161105631 1578.226318359375 71
1779161105648 1589.6951904296875 72
1779161105648 1597.2156982421875 73
1779161105664 1594.86865234375 74
1779161105664 1583.349365234375 75
1779161105664 1581.17578125 76
1779161105681 1580.15283203125 77
1779161105681 1572.3297119140625 78
1779161105698 1581.4368896484375 79
1779161105698 1580.6375732421875 80
1779161105715 1582.80078125 81
1779161105722 1576.148193359375 82
1779161105731 1575.027587890625 83
1779161105737 1565.18212890625 84
1779161105751 1572.956787109375 85
1779161105751 1574.3709716796875 86
1779161105764 1597.1253662109375 87
1779161105107 11496.5107421875 0
