1779160761794 170.02191162109375 0
1779160761813 40.11906433105469 1
1779160761815 38.87736511230469 2
1779160761828 38.743717193603516 3
1779160761840 38.22498321533203 4
1779160761847 37.37389373779297 5
1779160761858 37.49102020263672 6
1779160761864 37.65061569213867 7
1779160761877 36.785621643066406 8
1779160761877 36.89552688598633 9
1779160761894 36.789432525634766 10
1779160761894 36.52616882324219 11
1779160761912 36.349361419677734 12
1779160761912 35.94340515136719 13
1779160761927 36.68215560913086 14
1779160761927 35.95591735839844 15
1779160761940 36.197914123535156 16
1779160761940 35.70155715942383 17
1779160761962 35.26066970825195 18
1779160761962 35.306888580322266 19
1779160761978 34.8748779296875 20
1779160761978 34.72782897949219 21
1779160761994 34.959022521972656 22
1779160761994 34.40359878540039 23
1779160762010 34.684635162353516 24
1779160762010 34.32472229003906 25
1779160762023 34.401390075683594 26
1779160762023 34.19515609741211 27
1779160762039 33.980979919433594 28
1779160762055 34.07261276245117 29
1779160762057 33.56869888305664 30
1779160762073 33.87175750732422 31
1779160761794 170.02191162109375 0
