1779160761794 36592.30859375 0
1779160761813 2553.51806640625 1
1779160761815 2394.457763671875 2
1779160761828 2377.939697265625 3
1779160761840 2307.870361328125 4
1779160761847 2209.526123046875 5
1779160761858 2224.87109375 6
1779160761864 2236.45556640625 7
1779160761877 2148.564453125 8
1779160761877 2144.099365234375 9
1779160761894 2134.415283203125 10
1779160761894 2104.31591796875 11
1779160761912 2090.81396484375 12
1779160761912 2047.185791015625 13
1779160761927 2112.188720703125 14
1779160761927 2050.37158203125 15
1779160761940 2070.58447265625 16
1779160761940 2020.007568359375 17
1779160761962 1970.0289306640625 18
1779160761962 1988.285400390625 19
1779160761978 1926.721923828125 20
1779160761978 1911.910888671875 21
1779160761994 1937.0938720703125 22
1779160761994 1872.28076171875 23
1779160762010 1904.913818359375 24
1779160762010 1870.845947265625 25
1779160762023 1877.792724609375 26
1779160762023 1854.3021240234375 27
1779160762039 1832.55126953125 28
1779160762055 1840.796875 29
1779160762057 1790.615234375 30
1779160762073 1817.0146484375 31
1779160761794 36592.30859375 0
