1779161492820 181.5344696044922 0
1779161492837 44.93436813354492 1
1779161492854 39.81459426879883 2
1779161492854 39.396820068359375 3
1779161492873 38.88249969482422 4
1779161492884 37.90166473388672 5
1779161492894 37.96488952636719 6
1779161492904 38.04580307006836 7
1779161492904 37.76980972290039 8
1779161492920 37.58816909790039 9
1779161492924 37.60303497314453 10
1779161492937 37.3144645690918 11
1779161492937 37.119972229003906 12
1779161492954 37.46284866333008 13
1779161492954 37.00762939453125 14
1779161492970 37.053199768066406 15
1779161492970 36.41803741455078 16
1779161492992 36.78297805786133 17
1779161493001 36.52170944213867 18
1779161493004 36.34572219848633 19
1779161493012 35.96928787231445 20
1779161493020 36.10593795776367 21
1779161493036 36.082401275634766 22
1779161493037 35.52629089355469 23
1779161493052 35.03448486328125 24
1779161493054 35.057777404785156 25
1779161493054 34.91046905517578 26
1779161493070 35.00611877441406 27
1779161493086 34.800357818603516 28
1779161493094 34.914527893066406 29
1779161493103 34.67860794067383 30
1779161493104 34.828792572021484 31
1779161493118 34.49602127075195 32
1779161493120 34.44340133666992 33
1779161493137 34.4926872253418 34
1779161492820 181.5344696044922 0
