1779311184099 60953.57421875 0
1779311184111 57033.08203125 1
1779311184111 50118.140625 2
1779311184132 40778.9609375 3
1779311184132 30627.240234375 4
1779311184148 21125.125 5
1779311184148 13316.6650390625 6
1779311184163 7701.39404296875 7
1779311184163 4216.57763671875 8
1779311184179 2370.8583984375 9
1779311184196 1550.25341796875 10
1779311184196 1227.9571533203125 11
1779311184212 1119.26171875 12
1779311184212 1066.9677734375 13
1779311184227 1043.249267578125 14
1779311184227 1011.9922485351562 15
1779311184248 982.8521728515625 16
1779311184248 959.6412963867188 17
1779311184264 933.1799926757812 18
1779311184264 904.2372436523438 19
1779311184279 874.7777099609375 20
1779311184279 779.5838012695312 21
1779311184297 733.34765625 22
1779311184297 712.0479736328125 23
1779311184311 687.0784912109375 24
1779311184311 672.1814575195312 25
1779311184327 648.7993774414062 26
1779311184327 633.5452270507812 27
1779311184346 615.8687744140625 28
1779311184348 555.4845581054688 29
1779311184348 534.9276123046875 30
1779311184364 521.8399047851562 31
1779311184364 513.1300048828125 32
1779311184099 60953.57421875 0
