1779311184099 243.66036987304688 0
1779311184111 235.95260620117188 1
1779311184111 220.83982849121094 2
1779311184132 198.59091186523438 3
1779311184132 171.1468505859375 4
1779311184148 140.7025146484375 5
1779311184148 109.59212493896484 6
1779311184163 80.40406799316406 7
1779311184163 55.991249084472656 8
1779311184179 39.44871520996094 9
1779311184196 30.958480834960938 10
1779311184196 27.485191345214844 11
1779311184212 26.347122192382812 12
1779311184212 25.844470977783203 13
1779311184227 25.572998046875 14
1779311184227 25.179840087890625 15
1779311184248 24.746885299682617 16
1779311184248 24.42350959777832 17
1779311184264 24.107452392578125 18
1779311184264 23.66283416748047 19
1779311184279 23.269216537475586 20
1779311184279 21.873022079467773 21
1779311184297 21.15531349182129 22
1779311184297 20.78101348876953 23
1779311184311 20.39854621887207 24
1779311184311 20.135881423950195 25
1779311184327 19.759004592895508 26
1779311184327 19.520450592041016 27
1779311184346 19.2059326171875 28
1779311184348 18.174997329711914 29
1779311184348 17.782405853271484 30
1779311184364 17.559282302856445 31
1779311184364 17.40287971496582 32
1779311184099 243.66036987304688 0
