1779161212871 27652.2890625 0
1779161212882 2286.4560546875 1
1779161212891 2120.49853515625 2
1779161212899 2022.295654296875 3
1779161212909 2006.7877197265625 4
1779161212920 1930.3404541015625 5
1779161212930 1941.150634765625 6
1779161212939 1886.365966796875 7
1779161212948 1851.1905517578125 8
1779161212958 1798.33154296875 9
1779161212967 1825.3831787109375 10
1779161212976 1792.4837646484375 11
1779161212985 1776.677978515625 12
1779161212995 1726.420654296875 13
1779161213004 1726.6654052734375 14
1779161213014 1719.250732421875 15
1779161213023 1695.4814453125 16
1779161213031 1685.655029296875 17
1779161213044 1676.939208984375 18
1779161213045 1648.034912109375 19
1779161213061 1637.7303466796875 20
1779161213067 1639.0987548828125 21
1779161213078 1611.574462890625 22
1779161213086 1596.94580078125 23
1779161213095 1573.4024658203125 24
1779161213102 1552.1541748046875 25
1779161213111 1553.943603515625 26
1779161213119 1544.9310302734375 27
1779161213128 1534.572021484375 28
1779161213145 1518.58544921875 29
1779161213149 1523.1710205078125 30
1779161213161 1516.9041748046875 31
1779161213165 1492.981201171875 32
1779161213178 1485.841796875 33
1779161213183 1474.506591796875 34
1779161213195 1463.856689453125 35
1779161213199 1464.1995849609375 36
1779161212871 27652.2890625 0
