1779161212871 134.3373260498047 0
1779161212882 37.99559020996094 1
1779161212891 36.64408874511719 2
1779161212899 35.73043441772461 3
1779161212909 35.663021087646484 4
1779161212920 34.945560455322266 5
1779161212930 35.05063247680664 6
1779161212939 34.573814392089844 7
1779161212948 34.202537536621094 8
1779161212958 33.76856994628906 9
1779161212967 33.98922348022461 10
1779161212976 33.667015075683594 11
1779161212985 33.545101165771484 12
1779161212995 33.02820587158203 13
1779161213004 33.037139892578125 14
1779161213014 32.971134185791016 15
1779161213023 32.72323989868164 16
1779161213031 32.61333084106445 17
1779161213044 32.57284164428711 18
1779161213045 32.29307174682617 19
1779161213061 32.22640609741211 20
1779161213067 32.17835235595703 21
1779161213078 31.90664291381836 22
1779161213086 31.839603424072266 23
1779161213095 31.533443450927734 24
1779161213102 31.334991455078125 25
1779161213111 31.435842514038086 26
1779161213119 31.271821975708008 27
1779161213128 31.15258026123047 28
1779161213145 30.96660804748535 29
1779161213149 31.00242805480957 30
1779161213161 30.96160316467285 31
1779161213165 30.68268585205078 32
1779161213178 30.60915184020996 33
1779161213183 30.550336837768555 34
1779161213195 30.413516998291016 35
1779161213199 30.467615127563477 36
1779161212871 134.3373260498047 0
