1779161436838 39424.3671875 0
1779161436838 2671.193359375 1
1779161436855 2447.564453125 2
1779161436872 2428.700927734375 3
1779161436872 2270.4873046875 4
1779161436888 2302.30810546875 5
1779161436888 2195.705810546875 6
1779161436911 2240.990234375 7
1779161436920 2230.86083984375 8
1779161436922 2161.967041015625 9
1779161436939 2137.51953125 10
1779161436939 2146.880859375 11
1779161436955 2099.910400390625 12
1779161436955 2089.6875 13
1779161436972 2066.87744140625 14
1779161436972 2064.597900390625 15
1779161436988 2025.28857421875 16
1779161437005 2016.4593505859375 17
1779161437015 1953.870849609375 18
1779161437022 1929.901611328125 19
1779161437022 1938.302978515625 20
1779161437039 1968.8978271484375 21
1779161437039 1900.33447265625 22
1779161437055 1896.8599853515625 23
1779161437070 1935.25048828125 24
1779161437072 1872.8106689453125 25
1779161437089 1890.4866943359375 26
1779161437089 1891.623779296875 27
1779161437108 1860.3497314453125 28
1779161437118 1833.60400390625 29
1779161437122 1847.9134521484375 30
1779161437137 1838.5374755859375 31
1779161437138 1809.294677734375 32
1779161437155 1803.47802734375 33
1779161437155 1792.16552734375 34
1779161437172 1781.635009765625 35
1779161437172 1773.74951171875 36
1779161437188 1792.4564208984375 37
1779161437205 1775.6292724609375 38
1779161437205 1771.8421630859375 39
1779161437223 1757.1708984375 40
1779161437232 1747.449951171875 41
1779161437239 1751.4534912109375 42
1779161436838 39424.3671875 0
