1779161436838 178.42147827148438 0
1779161436838 40.94218826293945 1
1779161436855 39.32353973388672 2
1779161436872 39.162784576416016 3
1779161436872 37.91138458251953 4
1779161436888 38.15595626831055 5
1779161436888 37.26997375488281 6
1779161436911 37.645416259765625 7
1779161436920 37.61021041870117 8
1779161436922 36.91535568237305 9
1779161436939 36.744136810302734 10
1779161436939 36.7998161315918 11
1779161436955 36.417476654052734 12
1779161436955 36.37422180175781 13
1779161436972 36.093135833740234 14
1779161436972 36.07457733154297 15
1779161436988 35.78702163696289 16
1779161437005 35.668174743652344 17
1779161437015 35.13181686401367 18
1779161437022 34.867210388183594 19
1779161437022 34.98322296142578 20
1779161437039 35.2422981262207 21
1779161437039 34.65087127685547 22
1779161437055 34.64590835571289 23
1779161437070 34.82078552246094 24
1779161437072 34.436344146728516 25
1779161437089 34.523773193359375 26
1779161437089 34.536293029785156 27
1779161437108 34.19019317626953 28
1779161437118 33.927310943603516 29
1779161437122 34.148895263671875 30
1779161437137 34.02870178222656 31
1779161437138 33.607173919677734 32
1779161437155 33.679283142089844 33
1779161437155 33.55343246459961 34
1779161437172 33.52339553833008 35
1779161437172 33.41875076293945 36
1779161437188 33.591312408447266 37
1779161437205 33.48579025268555 38
1779161437205 33.36827850341797 39
1779161437223 33.232810974121094 40
1779161437232 33.21026611328125 41
1779161437239 33.213417053222656 42
1779161436838 178.42147827148438 0
