1779160595729 36151.203125 0
1779160595746 2561.38671875 1
1779160595756 2448.967529296875 2
1779160595762 2402.840576171875 3
1779160595766 2331.20947265625 4
1779160595778 2283.503662109375 5
1779160595778 2235.133544921875 6
1779160595795 2154.470947265625 7
1779160595795 2262.72314453125 8
1779160595816 2122.02099609375 9
1779160595816 2104.302490234375 10
1779160595828 2172.8310546875 11
1779160595828 2127.240478515625 12
1779160595850 2062.6748046875 13
1779160595857 2066.81591796875 14
1779160595862 2065.02978515625 15
1779160595867 2023.036376953125 16
1779160595878 1986.365966796875 17
1779160595878 1971.779052734375 18
1779160595895 1905.3226318359375 19
1779160595898 1921.2174072265625 20
1779160595911 1920.487548828125 21
1779160595915 1911.96826171875 22
1779160595921 1887.2720947265625 23
1779160595928 1873.538818359375 24
1779160595928 1845.9420166015625 25
1779160595948 1850.6629638671875 26
1779160595948 1810.9415283203125 27
1779160595962 1809.5537109375 28
1779160595962 1772.678466796875 29
1779160595979 1782.8914794921875 30
1779160595979 1771.8740234375 31
1779160595995 1788.9163818359375 32
1779160595995 1756.057861328125 33
1779160596012 1746.611083984375 34
1779160596016 1744.59521484375 35
1779160596028 1750.2774658203125 36
1779160596030 1744.1568603515625 37
1779160596030 1718.4150390625 38
1779160595729 36151.203125 0
