1779160595729 167.8075714111328 0
1779160595746 40.21919631958008 1
1779160595756 39.35886001586914 2
1779160595762 38.83452606201172 3
1779160595766 38.368961334228516 4
1779160595778 37.93145751953125 5
1779160595778 37.59511947631836 6
1779160595795 36.970733642578125 7
1779160595795 37.76423645019531 8
1779160595816 36.50736999511719 9
1779160595816 36.450218200683594 10
1779160595828 36.99683380126953 11
1779160595828 36.73604202270508 12
1779160595850 36.11447525024414 13
1779160595857 36.03805160522461 14
1779160595862 36.06373977661133 15
1779160595867 35.65694808959961 16
1779160595878 35.39097213745117 17
1779160595878 35.235382080078125 18
1779160595895 34.7275505065918 19
1779160595898 34.774208068847656 20
1779160595911 34.659034729003906 21
1779160595915 34.676902770996094 22
1779160595921 34.44279861450195 23
1779160595928 34.391090393066406 24
1779160595928 34.01073455810547 25
1779160595948 34.17837142944336 26
1779160595948 33.69265365600586 27
1779160595962 33.72832107543945 28
1779160595962 33.316009521484375 29
1779160595979 33.419944763183594 30
1779160595979 33.419010162353516 31
1779160595995 33.541587829589844 32
1779160595995 33.19015884399414 33
1779160596012 33.10414505004883 34
1779160596016 33.07647705078125 35
1779160596028 33.205718994140625 36
1779160596030 33.1484260559082 37
1779160596030 32.79998016357422 38
1779160595729 167.8075714111328 0
