1779161154716 60973.6875 0
1779161154737 57059.91796875 1
1779161154747 50159.76953125 2
1779161154762 40829.88671875 3
1779161154763 30683.197265625 4
1779161154780 21165.17578125 5
1779161154797 13349.43359375 6
1779161154797 7726.669921875 7
1779161154813 4231.46240234375 8
1779161154830 2380.031982421875 9
1779161154836 1555.68359375 10
1779161154847 1232.875 11
1779161154864 1122.31591796875 12
1779161154879 1075.6334228515625 13
1779161154886 1037.5428466796875 14
1779161154897 1010.7940673828125 15
1779161154913 981.2922973632812 16
1779161154913 954.3754272460938 17
1779161154930 929.236328125 18
1779161154946 906.119873046875 19
1779161154961 870.2098999023438 20
1779161154963 771.4176025390625 21
1779161154981 727.5634155273438 22
1779161154996 701.6007690429688 23
1779161154996 681.7161254882812 24
1779161155013 660.5349731445312 25
1779161155021 641.7315063476562 26
1779161155030 620.6369018554688 27
1779161155046 609.0078125 28
1779161155053 549.2383422851562 29
1779161155063 526.0405883789062 30
1779161155084 515.894287109375 31
1779161155095 503.0242004394531 32
1779161154716 60973.6875 0
