1779161794162 61841.80078125 0
1779161794179 59639.73046875 1
1779161794179 53814.6328125 2
1779161794195 43579.6015625 3
1779161794195 31264.25 4
1779161794212 18980.69921875 5
1779161794229 9628.0078125 6
1779161794229 4530.55615234375 7
1779161794250 2809.243896484375 8
1779161794261 2513.638427734375 9
1779161794270 2326.411865234375 10
1779161794279 2389.90673828125 11
1779161794287 2350.05322265625 12
1779161794298 2335.004638671875 13
1779161794300 2294.98828125 14
1779161794312 2315.52978515625 15
1779161794327 2340.080078125 16
1779161794335 2259.991943359375 17
1779161794348 2294.671875 18
1779161794359 2249.6328125 19
1779161794362 2245.9658203125 20
1779161794379 2290.855224609375 21
1779161794379 2242.691162109375 22
1779161794397 2274.5166015625 23
1779161794397 2232.529296875 24
1779161794412 2254.705078125 25
1779161794412 2154.05517578125 26
1779161794429 2196.53515625 27
1779161794445 2197.3955078125 28
1779161794455 2258.4287109375 29
1779161794462 2174.887939453125 30
1779161794462 2243.96875 31
1779161794479 2163.457275390625 32
1779161794479 2158.734619140625 33
1779161794495 2155.386962890625 34
1779161794495 2181.823486328125 35
1779161794512 2121.687255859375 36
1779161794527 2139.12890625 37
1779161794529 2156.40576171875 38
1779161794545 2148.765869140625 39
1779161794554 2106.066650390625 40
1779161794562 2089.2373046875 41
1779161794562 2133.7763671875 42
1779161794577 2180.22802734375 43
1779161794579 2121.6201171875 44
1779161794594 2110.041015625 45
1779161794595 2092.86181640625 46
1779161794595 2061.08935546875 47
1779161794612 2076.341552734375 48
1779161794628 2058.561279296875 49
1779161794628 2134.752685546875 50
1779161794645 2097.492919921875 51
1779161794653 2096.392578125 52
1779161794662 2111.279052734375 53
1779161794662 2086.959228515625 54
1779161794678 2079.6123046875 55
1779161794678 2054.951171875 56
1779161794694 2080.48974609375 57
1779161794695 2064.849609375 58
1779161794695 2069.117919921875 59
1779161794712 2084.01513671875 60
1779161794712 2051.505126953125 61
1779161794729 2025.211669921875 62
1779161794729 2098.932861328125 63
1779161794751 2034.272705078125 64
1779161794162 61841.80078125 0
