1779311916498 44714.54296875 0
1779311916507 2614.4775390625 1
1779311916523 2195.24560546875 2
1779311916523 2117.4619140625 3
1779311916539 2039.1231689453125 4
1779311916555 2003.801025390625 5
1779311916555 1935.0732421875 6
1779311916571 1882.042236328125 7
1779311916587 1876.106689453125 8
1779311916587 1892.797607421875 9
1779311916603 1820.1964111328125 10
1779311916619 1795.000732421875 11
1779311916625 1779.4473876953125 12
1779311916637 1760.506103515625 13
1779311916651 1749.229248046875 14
1779311916651 1732.1544189453125 15
1779311916667 1733.80810546875 16
1779311916683 1722.12890625 17
1779311916683 1695.3431396484375 18
1779311916698 1709.2518310546875 19
1779311916714 1694.021240234375 20
1779311916725 1684.028564453125 21
1779311916730 1664.977783203125 22
1779311916746 1646.396484375 23
1779311916746 1640.0010986328125 24
1779311916762 1644.39599609375 25
1779311916778 1633.3104248046875 26
1779311916778 1624.5133056640625 27
1779311916794 1637.048583984375 28
1779311916804 1605.9642333984375 29
1779311916810 1594.61865234375 30
1779311916825 1596.113037109375 31
1779311916825 1571.6495361328125 32
1779311916842 1554.167236328125 33
1779311916857 1568.543701171875 34
1779311916857 1551.1502685546875 35
1779311916878 1563.765380859375 36
1779311916888 1545.804443359375 37
1779311916895 1544.0177001953125 38
1779311916906 1528.5908203125 39
1779311916920 1528.8907470703125 40
1779311916920 1520.456787109375 41
1779311916936 1519.956787109375 42
1779311916936 1509.274169921875 43
1779311916498 44714.54296875 0
