1779311916498 200.53848266601562 0
1779311916507 40.448951721191406 1
1779311916523 37.19270324707031 2
1779311916523 36.587013244628906 3
1779311916539 35.863426208496094 4
1779311916555 35.63571548461914 5
1779311916555 34.98489761352539 6
1779311916571 34.49600601196289 7
1779311916587 34.51018524169922 8
1779311916587 34.59607696533203 9
1779311916603 33.94783020019531 10
1779311916619 33.724246978759766 11
1779311916625 33.602806091308594 12
1779311916637 33.368228912353516 13
1779311916651 33.33470153808594 14
1779311916651 33.03681182861328 15
1779311916667 33.2380485534668 16
1779311916683 33.0245361328125 17
1779311916683 32.84850311279297 18
1779311916698 32.869014739990234 19
1779311916714 32.75558090209961 20
1779311916725 32.674991607666016 21
1779311916730 32.491539001464844 22
1779311916746 32.261383056640625 23
1779311916746 32.293701171875 24
1779311916762 32.28316116333008 25
1779311916778 32.11311340332031 26
1779311916778 32.05598449707031 27
1779311916794 32.233009338378906 28
1779311916804 31.914236068725586 29
1779311916810 31.720705032348633 30
1779311916825 31.819814682006836 31
1779311916825 31.573444366455078 32
1779311916842 31.37177848815918 33
1779311916857 31.412494659423828 34
1779311916857 31.34255599975586 35
1779311916878 31.40201759338379 36
1779311916888 31.246065139770508 37
1779311916895 31.22800064086914 38
1779311916906 31.062307357788086 39
1779311916920 31.140380859375 40
1779311916920 31.002580642700195 41
1779311916936 30.939313888549805 42
1779311916936 30.906286239624023 43
1779311916498 200.53848266601562 0
