1779161613984 31091.330078125 0
1779161613999 2651.1416015625 1
1779161614001 2398.6669921875 2
1779161614017 2307.95703125 3
1779161614032 2224.626953125 4
1779161614035 2198.439697265625 5
1779161614050 2135.360107421875 6
1779161614057 2079.062255859375 7
1779161614074 2040.6356201171875 8
1779161614084 2025.0592041015625 9
1779161614084 2008.3548583984375 10
1779161614100 1984.239990234375 11
1779161614100 1954.66064453125 12
1779161614117 1943.608154296875 13
1779161614117 1916.965087890625 14
1779161614134 1918.095703125 15
1779161614134 1860.712646484375 16
1779161614150 1870.6431884765625 17
1779161614168 1813.2257080078125 18
1779161614177 1802.130126953125 19
1779161614183 1801.0079345703125 20
1779161614183 1768.845703125 21
1779161614200 1783.5443115234375 22
1779161614200 1767.7781982421875 23
1779161614218 1761.49560546875 24
1779161614218 1760.93212890625 25
1779161614239 1739.2701416015625 26
1779161614248 1726.785400390625 27
1779161614250 1717.0802001953125 28
1779161614250 1698.9586181640625 29
1779161614274 1723.43603515625 30
1779161614283 1702.3953857421875 31
1779161614284 1707.121337890625 32
1779161614298 1699.4197998046875 33
1779161614300 1680.60791015625 34
1779161614316 1675.5191650390625 35
1779161614317 1675.3116455078125 36
1779161614332 1681.0706787109375 37
1779161614333 1650.3948974609375 38
1779161614349 1654.6260986328125 39
1779161613984 31091.330078125 0
