1779161280319 29580.853515625 0
1779161280335 2580.5625 1
1779161280343 2427.876953125 2
1779161280343 2382.0361328125 3
1779161280359 2309.195556640625 4
1779161280359 2252.55615234375 5
1779161280376 2234.20263671875 6
1779161280376 2150.84423828125 7
1779161280391 2153.58935546875 8
1779161280407 2088.57177734375 9
1779161280407 2081.6728515625 10
1779161280423 2037.86572265625 11
1779161280423 1995.1302490234375 12
1779161280439 1989.5447998046875 13
1779161280439 1937.8834228515625 14
1779161280455 1941.135986328125 15
1779161280455 1887.73681640625 16
1779161280471 1880.1934814453125 17
1779161280471 1849.1116943359375 18
1779161280487 1850.4639892578125 19
1779161280487 1773.391845703125 20
1779161280502 1772.432861328125 21
1779161280502 1761.23193359375 22
1779161280518 1730.306884765625 23
1779161280518 1710.5206298828125 24
1779161280534 1697.4739990234375 25
1779161280542 1707.100341796875 26
1779161280550 1668.46044921875 27
1779161280550 1661.0863037109375 28
1779161280566 1668.7049560546875 29
1779161280566 1631.767578125 30
1779161280584 1622.9661865234375 31
1779161280319 29580.853515625 0
