1779161492820 40092.87890625 0
1779161492837 3336.274169921875 1
1779161492854 2526.507568359375 2
1779161492854 2463.947265625 3
1779161492873 2394.0390625 4
1779161492884 2287.796630859375 5
1779161492894 2285.66455078125 6
1779161492904 2312.236328125 7
1779161492904 2265.359619140625 8
1779161492920 2238.7392578125 9
1779161492924 2242.5986328125 10
1779161492937 2207.10693359375 11
1779161492937 2195.846435546875 12
1779161492954 2225.796630859375 13
1779161492954 2175.352294921875 14
1779161492970 2177.51123046875 15
1779161492970 2103.69580078125 16
1779161492992 2144.65771484375 17
1779161493001 2115.224853515625 18
1779161493004 2099.597900390625 19
1779161493012 2057.985595703125 20
1779161493020 2070.729736328125 21
1779161493036 2066.4619140625 22
1779161493037 2008.5286865234375 23
1779161493052 1945.900634765625 24
1779161493054 1954.8336181640625 25
1779161493054 1937.025390625 26
1779161493070 1962.5445556640625 27
1779161493086 1929.6011962890625 28
1779161493094 1939.649169921875 29
1779161493103 1907.004150390625 30
1779161493104 1928.7109375 31
1779161493118 1897.9898681640625 32
1779161493120 1890.21826171875 33
1779161493137 1890.889892578125 34
1779161492820 40092.87890625 0
