1779312125806 51883.64453125 0
1779312125818 4299.44775390625 1
1779312125830 2294.41650390625 2
1779312125839 2155.05908203125 3
1779312125855 2068.861572265625 4
1779312125865 2007.7899169921875 5
1779312125871 1985.7415771484375 6
1779312125886 1937.406494140625 7
1779312125886 1879.282958984375 8
1779312125902 1844.520751953125 9
1779312125918 1874.9876708984375 10
1779312125918 1875.216064453125 11
1779312125945 1861.4290771484375 12
1779312125955 1811.9586181640625 13
1779312125955 1825.6732177734375 14
1779312125971 1818.108154296875 15
1779312125987 1815.5615234375 16
1779312125987 1781.2225341796875 17
1779312126007 1756.5689697265625 18
1779312126019 1730.9273681640625 19
1779312126029 1751.028076171875 20
1779312126040 1749.088134765625 21
1779312126051 1730.731689453125 22
1779312126055 1753.4697265625 23
1779312126073 1738.78173828125 24
1779312126083 1713.998046875 25
1779312126092 1700.6712646484375 26
1779312126099 1700.4012451171875 27
1779312126099 1707.0986328125 28
1779312126116 1706.8204345703125 29
1779312126131 1694.331298828125 30
1779312126141 1705.8004150390625 31
1779312126153 1697.4332275390625 32
1779312126156 1671.0255126953125 33
1779312126171 1680.6041259765625 34
1779312126181 1684.8746337890625 35
1779312126189 1678.3724365234375 36
1779312126201 1665.2371826171875 37
1779312126209 1640.5299072265625 38
1779312126218 1670.6380615234375 39
1779312126218 1642.8939208984375 40
1779312126234 1657.982421875 41
1779312126234 1653.9127197265625 42
1779312126255 1646.69580078125 43
1779312126268 1641.407958984375 44
1779312126271 1659.5679931640625 45
1779312126286 1670.4049072265625 46
1779312125806 51883.64453125 0
