1779312125806 221.52188110351562 0
1779312125818 50.44487762451172 1
1779312125830 37.92498779296875 2
1779312125839 36.847251892089844 3
1779312125855 36.1460075378418 4
1779312125865 35.69209289550781 5
1779312125871 35.46737289428711 6
1779312125886 34.91808319091797 7
1779312125886 34.471126556396484 8
1779312125902 34.17383575439453 9
1779312125918 34.44032287597656 10
1779312125918 34.49394607543945 11
1779312125945 34.33653259277344 12
1779312125955 33.79121017456055 13
1779312125955 34.003414154052734 14
1779312125971 33.87322998046875 15
1779312125987 33.921112060546875 16
1779312125987 33.5710563659668 17
1779312126007 33.30854415893555 18
1779312126019 33.09034729003906 19
1779312126029 33.21992111206055 20
1779312126040 33.21857452392578 21
1779312126051 33.02326202392578 22
1779312126055 33.29231262207031 23
1779312126073 33.09642791748047 24
1779312126083 32.842044830322266 25
1779312126092 32.8292350769043 26
1779312126099 32.73004150390625 27
1779312126099 32.86776351928711 28
1779312126116 32.81845474243164 29
1779312126131 32.64418411254883 30
1779312126141 32.78396987915039 31
1779312126153 32.83867645263672 32
1779312126156 32.561649322509766 33
1779312126171 32.57386016845703 34
1779312126181 32.56122970581055 35
1779312126189 32.51987838745117 36
1779312126201 32.36883544921875 37
1779312126209 32.15242385864258 38
1779312126218 32.54168701171875 39
1779312126218 32.15431213378906 40
1779312126234 32.307403564453125 41
1779312126234 32.30803680419922 42
1779312126255 32.27421569824219 43
1779312126268 32.11440658569336 44
1779312126271 32.40791320800781 45
1779312126286 32.42683410644531 46
1779312125806 221.52188110351562 0
