1779160461113 243.69927978515625 0
1779160461113 236.03509521484375 1
1779160461133 221.012939453125 2
1779160461136 198.760986328125 3
1779160461148 171.28627014160156 4
1779160461148 140.77236938476562 5
1779160461164 109.68109130859375 6
1779160461164 80.40335083007812 7
1779160461180 56.01283264160156 8
1779160461180 39.42923355102539 9
1779160461196 30.960351943969727 10
1779160461196 27.55077362060547 11
1779160461212 26.339731216430664 12
1779160461212 25.895856857299805 13
1779160461212 25.430347442626953 14
1779160461234 25.060209274291992 15
1779160461234 24.738929748535156 16
1779160461249 24.298982620239258 17
1779160461252 23.991052627563477 18
1779160461265 23.555335998535156 19
1779160461265 23.05558204650879 20
1779160461282 21.786985397338867 21
1779160461282 20.99165916442871 22
1779160461298 20.584787368774414 23
1779160461298 20.222158432006836 24
1779160461298 19.80982780456543 25
1779160461314 19.517189025878906 26
1779160461314 19.265127182006836 27
1779160461330 18.99588966369629 28
1779160461330 17.9984073638916 29
1779160461351 17.586362838745117 30
1779160461352 17.33100700378418 31
1779160461352 17.133975982666016 32
1779160461113 243.69927978515625 0
