1779160461113 60972.99609375 0
1779160461113 57076.015625 1
1779160461133 50207.01953125 2
1779160461136 40843.73046875 3
1779160461148 30677.142578125 4
1779160461148 21153.65625 5
1779160461164 13332.8076171875 6
1779160461164 7708.28271484375 7
1779160461180 4219.984375 8
1779160461180 2373.06396484375 9
1779160461196 1552.498291015625 10
1779160461196 1235.916015625 11
1779160461212 1118.402099609375 12
1779160461212 1072.92431640625 13
1779160461212 1034.162353515625 14
1779160461234 1004.8308715820312 15
1779160461234 980.6126708984375 16
1779160461249 951.453857421875 17
1779160461252 923.9043579101562 18
1779160461265 894.23388671875 19
1779160461265 861.8709716796875 20
1779160461282 772.0185546875 21
1779160461282 723.29443359375 22
1779160461298 698.4930419921875 23
1779160461298 676.9560546875 24
1779160461298 652.4310302734375 25
1779160461314 633.908935546875 26
1779160461314 619.2902221679688 27
1779160461330 601.3601684570312 28
1779160461330 544.8258666992188 29
1779160461351 524.6205444335938 30
1779160461352 509.87347412109375 31
1779160461352 500.2031555175781 32
1779160461113 60972.99609375 0
