1779311326689 162.40586853027344 0
1779311326714 39.70600509643555 1
1779311326736 39.18146896362305 2
1779311326758 38.313636779785156 3
1779311326778 37.75160217285156 4
1779311326797 37.45652770996094 5
1779311326825 36.77156066894531 6
1779311326845 36.908058166503906 7
1779311326874 36.738773345947266 8
1779311326894 36.40411376953125 9
1779311326915 36.47671127319336 10
1779311326936 36.25443649291992 11
1779311326957 36.179237365722656 12
1779311326975 35.957340240478516 13
1779311326994 36.475276947021484 14
1779311327012 35.98796081542969 15
1779311327028 35.98111343383789 16
1779311327046 35.35231399536133 17
1779311327065 35.71816635131836 18
1779311327082 35.42345428466797 19
1779311327101 35.3415412902832 20
1779311327109 35.0622444152832 21
1779311327139 34.59808349609375 22
1779311327157 34.711551666259766 23
1779311327172 34.51311111450195 24
1779311327188 34.38948440551758 25
1779311327204 34.15080642700195 26
1779311327224 34.08993911743164 27
1779311327236 33.8576545715332 28
1779311327252 33.86616516113281 29
1779311327268 33.77333068847656 30
1779311327284 33.91518783569336 31
1779311327300 33.50320053100586 32
1779311327317 33.517303466796875 33
1779311326689 162.40586853027344 0
