1779311664699 25063.51953125 0
1779311664703 2248.556884765625 1
1779311664719 2105.782470703125 2
1779311664727 2004.63330078125 3
1779311664740 1907.1868896484375 4
1779311664753 1897.086181640625 5
1779311664767 1859.8990478515625 6
1779311664767 1822.157470703125 7
1779311664782 1808.0247802734375 8
1779311664804 1773.3851318359375 9
1779311664817 1753.93505859375 10
1779311664824 1771.1890869140625 11
1779311664835 1717.1788330078125 12
1779311664851 1713.427490234375 13
1779311664857 1688.185791015625 14
1779311664867 1696.19921875 15
1779311664881 1674.1689453125 16
1779311664896 1636.2943115234375 17
1779311664912 1641.8511962890625 18
1779311664919 1633.2666015625 19
1779311664935 1609.7445068359375 20
1779311664935 1622.97216796875 21
1779311664947 1599.9456787109375 22
1779311664964 1592.2786865234375 23
1779311664980 1605.0672607421875 24
1779311664991 1591.8206787109375 25
1779311665005 1572.400146484375 26
1779311665017 1578.0703125 27
1779311665031 1566.93505859375 28
1779311664699 25063.51953125 0
