1779311612042 24153.650390625 0
1779311612053 2509.762451171875 1
1779311612065 2298.236328125 2
1779311612066 2203.6591796875 3
1779311612083 2151.531005859375 4
1779311612090 2187.87109375 5
1779311612106 2120.358642578125 6
1779311612116 2037.2738037109375 7
1779311612122 2014.5830078125 8
1779311612140 2024.5977783203125 9
1779311612151 2000.224365234375 10
1779311612153 1939.0869140625 11
1779311612166 1947.2271728515625 12
1779311612182 1960.343994140625 13
1779311612183 1943.6197509765625 14
1779311612199 1935.568359375 15
1779311612199 1917.7122802734375 16
1779311612216 1900.079345703125 17
1779311612234 1904.059814453125 18
1779311612245 1867.305908203125 19
1779311612252 1883.7415771484375 20
1779311612266 1870.850830078125 21
1779311612266 1843.7867431640625 22
1779311612283 1831.859375 23
1779311612283 1825.82568359375 24
1779311612299 1826.8736572265625 25
1779311612316 1838.5362548828125 26
1779311612316 1826.356201171875 27
1779311612337 1826.40966796875 28
1779311612348 1813.0496826171875 29
1779311612353 1827.3988037109375 30
1779311612366 1807.5128173828125 31
1779311612366 1808.9910888671875 32
1779311612383 1789.79541015625 33
1779311612397 1797.6754150390625 34
1779311612399 1752.6162109375 35
1779311612416 1765.239013671875 36
1779311612416 1781.693115234375 37
1779311612437 1773.06591796875 38
1779311612446 1776.8975830078125 39
1779311612449 1776.27587890625 40
1779311612467 1776.387939453125 41
1779311612469 1762.782958984375 42
1779311612483 1767.4671630859375 43
1779311612483 1766.1527099609375 44
1779311612499 1765.15380859375 45
1779311612516 1767.8519287109375 46
1779311612042 24153.650390625 0
