1779311612042 122.74581909179688 0
1779311612053 39.466644287109375 1
1779311612065 38.00232696533203 2
1779311612066 37.2268180847168 3
1779311612083 36.9476203918457 4
1779311612090 37.14044952392578 5
1779311612106 36.533443450927734 6
1779311612116 35.90728759765625 7
1779311612122 35.55373001098633 8
1779311612140 35.64806365966797 9
1779311612151 35.634796142578125 10
1779311612153 34.96058654785156 11
1779311612166 35.07606887817383 12
1779311612182 35.18512725830078 13
1779311612183 34.961181640625 14
1779311612199 34.929927825927734 15
1779311612199 34.70162582397461 16
1779311612216 34.59737777709961 17
1779311612234 34.612953186035156 18
1779311612245 34.296321868896484 19
1779311612252 34.421913146972656 20
1779311612266 34.324363708496094 21
1779311612266 34.11532974243164 22
1779311612283 33.997161865234375 23
1779311612283 33.871952056884766 24
1779311612299 33.92829513549805 25
1779311612316 34.05712890625 26
1779311612316 33.8894157409668 27
1779311612337 33.93490219116211 28
1779311612348 33.72671127319336 29
1779311612353 33.9481201171875 30
1779311612366 33.73244857788086 31
1779311612366 33.69718933105469 32
1779311612383 33.59347915649414 33
1779311612397 33.62596130371094 34
1779311612399 33.19132614135742 35
1779311612416 33.29001235961914 36
1779311612416 33.49355697631836 37
1779311612437 33.29344177246094 38
1779311612446 33.41975402832031 39
1779311612449 33.36681365966797 40
1779311612467 33.44034194946289 41
1779311612469 33.278045654296875 42
1779311612483 33.322715759277344 43
1779311612483 33.34926986694336 44
1779311612499 33.324195861816406 45
1779311612516 33.309085845947266 46
1779311612042 122.74581909179688 0
