1779160270530 64.59115600585938 0
1779160270538 29.66154670715332 1
1779160270538 29.441410064697266 2
1779160270559 29.145313262939453 3
1779160270560 28.949207305908203 4
1779160270575 28.810848236083984 5
1779160270582 28.775686264038086 6
1779160270592 28.592790603637695 7
1779160270605 28.454830169677734 8
1779160270612 28.39258575439453 9
1779160270625 28.27806854248047 10
1779160270625 28.16162109375 11
1779160270638 28.1274356842041 12
1779160270638 28.02149772644043 13
1779160270654 28.01651382446289 14
1779160270670 27.488088607788086 15
1779160270671 27.35161590576172 16
1779160270687 27.362884521484375 17
1779160270687 27.2877197265625 18
1779160270704 27.295438766479492 19
1779160270704 27.21291160583496 20
1779160270719 27.181547164916992 21
1779160270719 27.158567428588867 22
1779160270735 27.0816707611084 23
1779160270735 27.024805068969727 24
1779160270751 26.758520126342773 25
1779160270751 26.699779510498047 26
1779160270767 26.696203231811523 27
1779160270767 26.636974334716797 28
1779160270783 26.63235092163086 29
1779160270783 26.599260330200195 30
1779160270803 26.591272354125977 31
1779160270803 26.535572052001953 32
1779160270819 26.39115333557129 33
1779160270819 26.359111785888672 34
1779160270837 26.334550857543945 35
1779160270837 26.346677780151367 36
1779160270530 64.59115600585938 0
