1779160270530 9363.6015625 0
1779160270538 1376.714111328125 1
1779160270538 1355.627685546875 2
1779160270559 1329.86865234375 3
1779160270560 1311.2969970703125 4
1779160270575 1300.176025390625 5
1779160270582 1296.671630859375 6
1779160270592 1280.517333984375 7
1779160270605 1270.8677978515625 8
1779160270612 1265.8399658203125 9
1779160270625 1253.566162109375 10
1779160270625 1245.0556640625 11
1779160270638 1242.0107421875 12
1779160270638 1236.12109375 13
1779160270654 1232.8609619140625 14
1779160270670 1186.954345703125 15
1779160270671 1179.1595458984375 16
1779160270687 1176.6837158203125 17
1779160270687 1171.3310546875 18
1779160270704 1173.24365234375 19
1779160270704 1167.792236328125 20
1779160270719 1164.1285400390625 21
1779160270719 1160.4158935546875 22
1779160270735 1157.868408203125 23
1779160270735 1152.6590576171875 24
1779160270751 1129.629150390625 25
1779160270751 1125.9296875 26
1779160270767 1125.9027099609375 27
1779160270767 1121.48291015625 28
1779160270783 1120.958740234375 29
1779160270783 1119.3939208984375 30
1779160270803 1116.506591796875 31
1779160270803 1113.79150390625 32
1779160270819 1101.3583984375 33
1779160270819 1099.232421875 34
1779160270837 1097.7530517578125 35
1779160270837 1097.980712890625 36
1779160270530 9363.6015625 0
