1779161863678 50493.75390625 0
1779161863696 10207.8798828125 1
1779161863711 2411.033935546875 2
1779161863712 2324.98681640625 3
1779161863738 2246.7314453125 4
1779161863753 2218.860107421875 5
1779161863767 2214.540283203125 6
1779161863779 2101.220703125 7
1779161863794 2129.783447265625 8
1779161863796 2082.826904296875 9
1779161863812 2060.47021484375 10
1779161863828 2034.36767578125 11
1779161863846 2047.5025634765625 12
1779161863846 2046.5059814453125 13
1779161863872 1965.4617919921875 14
1779161863879 2031.5675048828125 15
1779161863896 1996.85107421875 16
1779161863910 1957.3341064453125 17
1779161863926 1944.2431640625 18
1779161863927 2006.7734375 19
1779161863945 1974.963623046875 20
1779161863961 1976.9449462890625 21
1779161863961 1954.9798583984375 22
1779161863979 1936.450927734375 23
1779161863995 1916.8590087890625 24
1779161864012 1902.328857421875 25
1779161864012 1903.482421875 26
1779161864028 1899.1859130859375 27
1779161864044 1830.5982666015625 28
1779161864061 1880.00830078125 29
1779161864061 1830.47705078125 30
1779161864078 1865.93603515625 31
1779161864093 1851.9127197265625 32
1779161864093 1832.4080810546875 33
1779161864111 1800.6282958984375 34
1779161864128 1818.34619140625 35
1779161864145 1845.308349609375 36
1779161864148 1853.62060546875 37
1779161864161 1806.697021484375 38
1779161864178 1754.74755859375 39
1779161864178 1749.2218017578125 40
1779161864194 1788.6317138671875 41
1779161864211 1781.7440185546875 42
1779161864217 1779.496826171875 43
1779161864232 1744.1649169921875 44
1779161864243 1762.2093505859375 45
1779161864243 1741.94970703125 46
1779161864268 1739.5992431640625 47
1779161864268 1785.8172607421875 48
1779161863678 50493.75390625 0
