1779161863678 217.55386352539062 0
1779161863696 78.46039581298828 1
1779161863711 38.992984771728516 2
1779161863712 38.24794006347656 3
1779161863738 37.61969757080078 4
1779161863753 37.390289306640625 5
1779161863767 37.365447998046875 6
1779161863779 36.40795135498047 7
1779161863794 36.646018981933594 8
1779161863796 36.20552062988281 9
1779161863812 36.05704116821289 10
1779161863828 35.86505126953125 11
1779161863846 36.04722595214844 12
1779161863846 35.965572357177734 13
1779161863872 35.236690521240234 14
1779161863879 35.80022048950195 15
1779161863896 35.51976013183594 16
1779161863910 35.13383483886719 17
1779161863926 34.92771530151367 18
1779161863927 35.602455139160156 19
1779161863945 35.277156829833984 20
1779161863961 35.4041862487793 21
1779161863961 35.13928985595703 22
1779161863979 34.90061569213867 23
1779161863995 34.71623229980469 24
1779161864012 34.560951232910156 25
1779161864012 34.6990966796875 26
1779161864028 34.616546630859375 27
1779161864044 33.98185729980469 28
1779161864061 34.44422149658203 29
1779161864061 33.88185501098633 30
1779161864078 34.28499221801758 31
1779161864093 34.201725006103516 32
1779161864093 33.912723541259766 33
1779161864111 33.62141036987305 34
1779161864128 33.86442184448242 35
1779161864145 34.02265167236328 36
1779161864148 34.129791259765625 37
1779161864161 33.68845748901367 38
1779161864178 33.248497009277344 39
1779161864178 33.149497985839844 40
1779161864194 33.619693756103516 41
1779161864211 33.465660095214844 42
1779161864217 33.51463317871094 43
1779161864232 33.1092414855957 44
1779161864243 33.32119369506836 45
1779161864243 33.062679290771484 46
1779161864268 33.00518035888672 47
1779161864268 33.4449348449707 48
1779161863678 217.55386352539062 0
