1779311763813 131.87094116210938 0
1779311763828 38.27760696411133 1
1779311763828 37.567447662353516 2
1779311763850 36.596946716308594 3
1779311763866 36.4161491394043 4
1779311763878 35.80531692504883 5
1779311763878 35.47932815551758 6
1779311763905 35.09451675415039 7
1779311763909 34.97597122192383 8
1779311763925 35.06929397583008 9
1779311763945 34.61252975463867 10
1779311763949 34.16382598876953 11
1779311763965 34.25046157836914 12
1779311763981 33.86915588378906 13
1779311763989 33.79136657714844 14
1779311763997 33.575584411621094 15
1779311764013 33.73480224609375 16
1779311764029 33.654541015625 17
1779311764044 33.43951416015625 18
1779311764052 33.43418884277344 19
1779311764066 33.371334075927734 20
1779311764078 33.17597579956055 21
1779311764094 33.211116790771484 22
1779311764098 33.27878189086914 23
1779311764110 33.18889617919922 24
1779311764126 33.13443374633789 25
1779311764142 33.14958572387695 26
1779311764158 33.067840576171875 27
1779311764167 32.957847595214844 28
1779311764183 32.838741302490234 29
1779311764183 32.825897216796875 30
1779311764198 32.776466369628906 31
1779311764214 32.7500114440918 32
1779311764228 32.815425872802734 33
1779311764238 32.70720672607422 34
1779311764245 32.69428634643555 35
1779311764266 32.847198486328125 36
1779311764281 32.585731506347656 37
1779311764288 32.64854049682617 38
1779311764301 32.4826545715332 39
1779311764312 32.638572692871094 40
1779311764328 32.57169723510742 41
1779311764328 32.53919982910156 42
1779311764344 32.64714431762695 43
1779311764360 32.48332214355469 44
1779311764380 32.573753356933594 45
1779311764383 32.645755767822266 46
1779311764399 32.456787109375 47
1779311764415 32.33798599243164 48
1779311764428 32.49716567993164 49
1779311764444 32.50449752807617 50
1779311764450 32.38284683227539 51
1779311764459 32.30546569824219 52
1779311764482 32.38164138793945 53
1779311764482 32.45726013183594 54
1779311764498 32.48442840576172 55
1779311764514 32.4224739074707 56
1779311764530 32.29380416870117 57
1779311763813 131.87094116210938 0
