1779311763813 26915.748046875 0
1779311763828 2325.74169921875 1
1779311763828 2217.326904296875 2
1779311763850 2109.782470703125 3
1779311763866 2087.40771484375 4
1779311763878 2030.0013427734375 5
1779311763878 1986.0584716796875 6
1779311763905 1942.9061279296875 7
1779311763909 1927.90478515625 8
1779311763925 1938.7740478515625 9
1779311763945 1893.6104736328125 10
1779311763949 1839.685791015625 11
1779311763965 1850.5079345703125 12
1779311763981 1812.147705078125 13
1779311763989 1806.7679443359375 14
1779311763997 1783.6253662109375 15
1779311764013 1801.86669921875 16
1779311764029 1782.5206298828125 17
1779311764044 1771.1558837890625 18
1779311764052 1761.300048828125 19
1779311764066 1764.830078125 20
1779311764078 1743.13623046875 21
1779311764094 1743.3287353515625 22
1779311764098 1750.5274658203125 23
1779311764110 1737.9305419921875 24
1779311764126 1732.7059326171875 25
1779311764142 1739.9324951171875 26
1779311764158 1724.4840087890625 27
1779311764167 1713.9461669921875 28
1779311764183 1707.23779296875 29
1779311764183 1706.917236328125 30
1779311764198 1701.993408203125 31
1779311764214 1695.671630859375 32
1779311764228 1704.464111328125 33
1779311764238 1690.3707275390625 34
1779311764245 1686.7047119140625 35
1779311764266 1697.184326171875 36
1779311764281 1677.078369140625 37
1779311764288 1687.74609375 38
1779311764301 1673.2764892578125 39
1779311764312 1681.4041748046875 40
1779311764328 1680.71728515625 41
1779311764328 1671.7374267578125 42
1779311764344 1684.5989990234375 43
1779311764360 1668.525390625 44
1779311764380 1676.9058837890625 45
1779311764383 1679.778564453125 46
1779311764399 1667.526123046875 47
1779311764415 1656.8409423828125 48
1779311764428 1669.1534423828125 49
1779311764444 1664.0264892578125 50
1779311764450 1660.794921875 51
1779311764459 1656.025390625 52
1779311764482 1656.89794921875 53
1779311764482 1662.0185546875 54
1779311764498 1668.861328125 55
1779311764514 1662.3331298828125 56
1779311764530 1647.12841796875 57
1779311763813 26915.748046875 0
