1779161105107 74.72283172607422 0
1779161105115 36.73892593383789 1
1779161105115 35.96647644042969 2
1779161105131 35.573448181152344 3
1779161105139 34.896202087402344 4
1779161105148 34.744529724121094 5
1779161105155 34.575286865234375 6
1779161105164 34.371337890625 7
1779161105171 34.26393508911133 8
1779161105181 34.21974563598633 9
1779161105187 34.03433609008789 10
1779161105198 34.143123626708984 11
1779161105202 33.88501739501953 12
1779161105214 33.89574432373047 13
1779161105218 34.039249420166016 14
1779161105231 33.93888473510742 15
1779161105231 33.89422607421875 16
1779161105240 33.50149917602539 17
1779161105248 33.626220703125 18
1779161105255 33.56978988647461 19
1779161105264 33.3429069519043 20
1779161105269 33.5878791809082 21
1779161105281 33.50185012817383 22
1779161105281 33.59083557128906 23
1779161105290 33.36395263671875 24
1779161105298 33.37245178222656 25
1779161105304 33.38008499145508 26
1779161105314 32.97614288330078 27
1779161105318 33.309608459472656 28
1779161105331 33.17800521850586 29
1779161105331 33.08160400390625 30
1779161105340 32.96122360229492 31
1779161105348 33.09171676635742 32
1779161105362 33.08890914916992 33
1779161105364 33.22914123535156 34
1779161105372 32.66773223876953 35
1779161105381 32.6314697265625 36
1779161105388 32.45934295654297 37
1779161105398 32.699256896972656 38
1779161105402 32.40525817871094 39
1779161105414 32.52106857299805 40
1779161105414 32.48365783691406 41
1779161105424 32.4173583984375 42
1779161105431 32.50239562988281 43
1779161105440 32.41058349609375 44
1779161105452 32.50279235839844 45
1779161105460 32.37861633300781 46
1779161105464 32.31629180908203 47
1779161105464 32.308868408203125 48
1779161105481 32.48928451538086 49
1779161105481 32.35601043701172 50
1779161105481 32.21913528442383 51
1779161105498 32.16587448120117 52
1779161105498 32.084999084472656 53
1779161105514 32.01361083984375 54
1779161105514 31.906652450561523 55
1779161105531 31.904081344604492 56
1779161105531 31.863523483276367 57
1779161105531 31.90709114074707 58
1779161105548 31.906036376953125 59
1779161105548 31.902828216552734 60
1779161105564 31.865522384643555 61
1779161105564 31.81446075439453 62
1779161105581 31.888351440429688 63
1779161105581 31.66415786743164 64
1779161105598 31.669790267944336 65
1779161105598 31.854318618774414 66
1779161105613 31.63011360168457 67
1779161105614 31.757246017456055 68
1779161105614 31.653902053833008 69
1779161105631 31.76158332824707 70
1779161105631 31.5220890045166 71
1779161105648 31.62101173400879 72
1779161105648 31.68788719177246 73
1779161105664 31.746061325073242 74
1779161105664 31.598857879638672 75
1779161105664 31.607908248901367 76
1779161105681 31.55998992919922 77
1779161105681 31.507898330688477 78
1779161105698 31.606719970703125 79
1779161105698 31.55774688720703 80
1779161105715 31.558198928833008 81
1779161105722 31.486557006835938 82
1779161105731 31.540603637695312 83
1779161105737 31.377199172973633 84
1779161105751 31.46990966796875 85
1779161105751 31.461336135864258 86
1779161105764 31.764514923095703 87
1779161105107 74.72283172607422 0
