1779161358536 40076.60546875 0
1779161358552 3745.05615234375 1
1779161358552 2334.3076171875 2
1779161358568 2241.180908203125 3
1779161358568 2160.698974609375 4
1779161358584 2149.65087890625 5
1779161358600 2115.467041015625 6
1779161358600 2150.353271484375 7
1779161358616 2146.17041015625 8
1779161358624 2079.212158203125 9
1779161358624 2059.33349609375 10
1779161358639 2035.5352783203125 11
1779161358655 2043.784912109375 12
1779161358658 2080.486328125 13
1779161358673 2023.5802001953125 14
1779161358673 1999.033447265625 15
1779161358689 1987.5694580078125 16
1779161358689 1959.3358154296875 17
1779161358704 1975.0006103515625 18
1779161358704 1913.9793701171875 19
1779161358720 1950.55419921875 20
1779161358737 1910.767333984375 21
1779161358737 1921.2508544921875 22
1779161358752 1973.7132568359375 23
1779161358752 1895.4725341796875 24
1779161358769 1853.96142578125 25
1779161358781 1839.5447998046875 26
1779161358790 1847.938232421875 27
1779161358790 1814.3551025390625 28
1779161358807 1835.16845703125 29
1779161358807 1787.6910400390625 30
1779161358823 1830.654296875 31
1779161358823 1811.29150390625 32
1779161358839 1794.91064453125 33
1779161358839 1771.3800048828125 34
1779161358855 1738.0537109375 35
1779161358871 1732.2103271484375 36
1779161358871 1722.8035888671875 37
1779161358887 1732.236083984375 38
1779161358887 1724.9490966796875 39
1779161358902 1731.085205078125 40
1779161358902 1707.1328125 41
1779161358918 1688.2742919921875 42
1779161358918 1721.3441162109375 43
1779161358935 1683.6219482421875 44
1779161358950 1726.4771728515625 45
1779161358950 1682.1585693359375 46
1779161358536 40076.60546875 0
