1779161358536 185.55870056152344 0
1779161358552 47.3258056640625 1
1779161358552 38.38988494873047 2
1779161358568 37.67859649658203 3
1779161358568 36.98230743408203 4
1779161358584 36.888370513916016 5
1779161358600 36.612491607666016 6
1779161358600 36.86296081542969 7
1779161358616 36.866905212402344 8
1779161358624 36.3477783203125 9
1779161358624 36.11402893066406 10
1779161358639 35.85451889038086 11
1779161358655 36.01248550415039 12
1779161358658 36.218563079833984 13
1779161358673 35.814491271972656 14
1779161358673 35.54116439819336 15
1779161358689 35.53248977661133 16
1779161358689 35.228580474853516 17
1779161358704 35.35371398925781 18
1779161358704 34.76288986206055 19
1779161358720 35.137454986572266 20
1779161358737 34.803016662597656 21
1779161358737 34.8290901184082 22
1779161358752 35.392051696777344 23
1779161358752 34.57227325439453 24
1779161358769 34.18020248413086 25
1779161358781 34.08543014526367 26
1779161358790 34.16233825683594 27
1779161358790 33.90816879272461 28
1779161358807 34.048587799072266 29
1779161358807 33.64344787597656 30
1779161358823 34.0013542175293 31
1779161358823 33.81043243408203 32
1779161358839 33.707759857177734 33
1779161358839 33.43597412109375 34
1779161358855 33.09960174560547 35
1779161358871 33.0726318359375 36
1779161358871 32.983638763427734 37
1779161358887 33.107757568359375 38
1779161358887 33.02085494995117 39
1779161358902 33.0778694152832 40
1779161358902 32.83848571777344 41
1779161358918 32.62120819091797 42
1779161358918 32.87712860107422 43
1779161358935 32.5855598449707 44
1779161358950 33.076107025146484 45
1779161358950 32.616172790527344 46
1779161358536 185.55870056152344 0
