1779311041403 64.23819732666016 0
1779311041403 29.68082618713379 1
1779311041425 29.371810913085938 2
1779311041432 29.145179748535156 3
1779311041448 28.9860897064209 4
1779311041458 28.817188262939453 5
1779311041468 28.649263381958008 6
1779311041480 28.542205810546875 7
1779311041488 28.47894859313965 8
1779311041499 28.380918502807617 9
1779311041523 28.25851821899414 10
1779311041535 28.142635345458984 11
1779311041545 28.138307571411133 12
1779311041553 27.600379943847656 13
1779311041562 27.49960708618164 14
1779311041578 27.454477310180664 15
1779311041578 27.42753028869629 16
1779311041603 27.38506507873535 17
1779311041604 27.340761184692383 18
1779311041615 27.329317092895508 19
1779311041631 27.30339813232422 20
1779311041631 27.20644760131836 21
1779311041647 27.192180633544922 22
1779311041663 27.120922088623047 23
1779311041676 27.086040496826172 24
1779311041685 26.823829650878906 25
1779311041697 26.74886131286621 26
1779311041703 26.71465301513672 27
1779311041718 26.695968627929688 28
1779311041718 26.685407638549805 29
1779311041734 26.62194061279297 30
1779311041749 26.609886169433594 31
1779311041762 26.5888671875 32
1779311041765 26.428607940673828 33
1779311041781 26.3926944732666 34
1779311041781 26.38496971130371 35
1779311041804 26.361305236816406 36
1779311041403 64.23819732666016 0
