1779311041403 9290.3837890625 0
1779311041403 1414.4951171875 1
1779311041425 1355.358642578125 2
1779311041432 1329.129638671875 3
1779311041448 1315.5731201171875 4
1779311041458 1297.550048828125 5
1779311041468 1285.143798828125 6
1779311041480 1277.37939453125 7
1779311041488 1272.781982421875 8
1779311041499 1261.852294921875 9
1779311041523 1252.300048828125 10
1779311041535 1247.036376953125 11
1779311041545 1243.5625 12
1779311041553 1196.76123046875 13
1779311041562 1190.7310791015625 14
1779311041578 1185.4556884765625 15
1779311041578 1185.724609375 16
1779311041603 1179.4327392578125 17
1779311041604 1176.5091552734375 18
1779311041615 1174.543212890625 19
1779311041631 1173.3902587890625 20
1779311041631 1165.5379638671875 21
1779311041647 1166.060302734375 22
1779311041663 1159.552734375 23
1779311041676 1159.9271240234375 24
1779311041685 1132.902099609375 25
1779311041697 1128.57421875 26
1779311041703 1125.791259765625 27
1779311041718 1124.6927490234375 28
1779311041718 1124.1519775390625 29
1779311041734 1118.5 30
1779311041749 1119.0618896484375 31
1779311041762 1116.69580078125 32
1779311041765 1103.2713623046875 33
1779311041781 1101.35986328125 34
1779311041781 1099.9698486328125 35
1779311041804 1098.9580078125 36
1779311041403 9290.3837890625 0
