1779311664699 126.09756469726562 0
1779311664703 37.72686004638672 1
1779311664719 36.47581100463867 2
1779311664727 35.580963134765625 3
1779311664740 34.72482681274414 4
1779311664753 34.752132415771484 5
1779311664767 34.433441162109375 6
1779311664767 34.02996063232422 7
1779311664782 33.893531799316406 8
1779311664804 33.4289665222168 9
1779311664817 33.36539840698242 10
1779311664824 33.53231430053711 11
1779311664835 33.01260757446289 12
1779311664851 32.91697692871094 13
1779311664857 32.60932540893555 14
1779311664867 32.72482681274414 15
1779311664881 32.638023376464844 16
1779311664896 32.19816207885742 17
1779311664912 32.2601318359375 18
1779311664919 32.21398162841797 19
1779311664935 31.95069694519043 20
1779311664935 32.0394287109375 21
1779311664947 31.83047866821289 22
1779311664964 31.691730499267578 23
1779311664980 31.875011444091797 24
1779311664991 31.663022994995117 25
1779311665005 31.540300369262695 26
1779311665017 31.586490631103516 27
1779311665031 31.45400047302246 28
1779311664699 126.09756469726562 0
