1779160528853 27737.822265625 0
1779160528863 2247.107177734375 1
1779160528864 2122.16015625 2
1779160528873 2074.51513671875 3
1779160528880 2000.388671875 4
1779160528888 1980.03466796875 5
1779160528900 1982.7784423828125 6
1779160528901 1891.2877197265625 7
1779160528913 1917.12548828125 8
1779160528919 1867.685302734375 9
1779160528934 1886.3695068359375 10
1779160528934 1828.2113037109375 11
1779160528951 1816.9833984375 12
1779160528959 1790.7271728515625 13
1779160528964 1783.0164794921875 14
1779160528969 1760.420166015625 15
1779160528980 1741.54833984375 16
1779160528984 1723.3336181640625 17
1779160528998 1731.600830078125 18
1779160529001 1704.04833984375 19
1779160529013 1684.9793701171875 20
1779160529016 1677.4730224609375 21
1779160529030 1665.181640625 22
1779160529032 1658.6715087890625 23
1779160529045 1651.0489501953125 24
1779160529052 1635.1051025390625 25
1779160529059 1620.8514404296875 26
1779160529064 1618.7025146484375 27
1779160529069 1593.50146484375 28
1779160529080 1585.550048828125 29
1779160529084 1598.43603515625 30
1779160529096 1591.6553955078125 31
1779160529097 1577.078369140625 32
1779160529105 1572.8828125 33
1779160529117 1552.8033447265625 34
1779160529120 1552.28955078125 35
1779160529130 1536.7020263671875 36
1779160529134 1538.255859375 37
1779160529147 1534.3089599609375 38
1779160529155 1527.5511474609375 39
1779160529161 1525.16748046875 40
1779160529164 1523.8798828125 41
1779160529171 1513.5137939453125 42
1779160529180 1510.3458251953125 43
1779160529185 1525.104248046875 44
1779160529197 1509.9820556640625 45
1779160529200 1496.829345703125 46
1779160528853 27737.822265625 0
