1779160528853 134.47315979003906 0
1779160528863 37.611228942871094 1
1779160528864 36.635711669921875 2
1779160528873 36.311458587646484 3
1779160528880 35.55986022949219 4
1779160528888 35.42254638671875 5
1779160528900 35.44533157348633 6
1779160528901 34.5642204284668 7
1779160528913 34.825984954833984 8
1779160528919 34.34706497192383 9
1779160528934 34.61595153808594 10
1779160528934 34.025146484375 11
1779160528951 33.95822525024414 12
1779160528959 33.69639587402344 13
1779160528964 33.59926986694336 14
1779160528969 33.35431671142578 15
1779160528980 33.16780471801758 16
1779160528984 33.08184051513672 17
1779160528998 33.069549560546875 18
1779160529001 32.77458953857422 19
1779160529013 32.59599685668945 20
1779160529016 32.549983978271484 21
1779160529030 32.430763244628906 22
1779160529032 32.39497375488281 23
1779160529045 32.27903747558594 24
1779160529052 32.097721099853516 25
1779160529059 32.01420593261719 26
1779160529064 32.01655960083008 27
1779160529069 31.709430694580078 28
1779160529080 31.672868728637695 29
1779160529084 31.73301887512207 30
1779160529096 31.764263153076172 31
1779160529097 31.561172485351562 32
1779160529105 31.54709243774414 33
1779160529117 31.322002410888672 34
1779160529120 31.307775497436523 35
1779160529130 31.110509872436523 36
1779160529134 31.125890731811523 37
1779160529147 31.071544647216797 38
1779160529155 31.06026840209961 39
1779160529161 30.988292694091797 40
1779160529164 31.072534561157227 41
1779160529171 30.84859275817871 42
1779160529180 30.857973098754883 43
1779160529185 31.04996681213379 44
1779160529197 30.853561401367188 45
1779160529200 30.662519454956055 46
1779160528853 134.47315979003906 0
