1779311833347 133.22325134277344 0
1779311833363 38.41368865966797 1
1779311833363 36.698516845703125 2
1779311833379 36.35356903076172 3
1779311833395 35.97755432128906 4
1779311833411 35.77284240722656 5
1779311833416 35.388458251953125 6
1779311833427 35.18329620361328 7
1779311833446 34.82048416137695 8
1779311833447 34.21215057373047 9
1779311833459 34.28185272216797 10
1779311833475 33.77292251586914 11
1779311833483 33.79325866699219 12
1779311833491 33.521629333496094 13
1779311833507 33.59128189086914 14
1779311833507 33.32358932495117 15
1779311833531 33.45692443847656 16
1779311833544 33.05989456176758 17
1779311833548 33.0864372253418 18
1779311833564 32.80063247680664 19
1779311833564 32.68947982788086 20
1779311833580 32.6111946105957 21
1779311833596 32.73973846435547 22
1779311833596 32.12314224243164 23
1779311833612 32.162437438964844 24
1779311833612 32.01702117919922 25
1779311833628 31.86249351501465 26
1779311833644 31.93952751159668 27
1779311833644 31.755088806152344 28
1779311833664 31.786998748779297 29
1779311833664 31.684226989746094 30
1779311833686 31.449573516845703 31
1779311833696 31.43187141418457 32
1779311833696 31.38521385192871 33
1779311833712 31.339975357055664 34
1779311833347 133.22325134277344 0
