1779160412688 77.05338287353516 0
1779160412700 36.681793212890625 1
1779160412700 36.03372573852539 2
1779160412715 35.313899993896484 3
1779160412715 35.18690872192383 4
1779160412732 34.779178619384766 5
1779160412747 34.499717712402344 6
1779160412747 34.39827346801758 7
1779160412763 34.32133865356445 8
1779160412763 34.20768737792969 9
1779160412779 34.2028923034668 10
1779160412787 34.1714973449707 11
1779160412787 34.001976013183594 12
1779160412803 34.054046630859375 13
1779160412803 33.81793212890625 14
1779160412803 33.77354431152344 15
1779160412819 33.92219543457031 16
1779160412833 33.78907775878906 17
1779160412833 33.750892639160156 18
1779160412849 33.66130828857422 19
1779160412849 33.52855682373047 20
1779160412865 33.68648910522461 21
1779160412865 33.52176284790039 22
1779160412881 33.61424255371094 23
1779160412887 33.566165924072266 24
1779160412887 33.55732727050781 25
1779160412903 33.43984603881836 26
1779160412903 33.412235260009766 27
1779160412903 33.376041412353516 28
1779160412919 33.222869873046875 29
1779160412933 33.30203628540039 30
1779160412937 33.35234069824219 31
1779160412937 33.035667419433594 32
1779160412950 33.28680419921875 33
1779160412950 33.029659271240234 34
1779160412966 33.192134857177734 35
1779160412966 32.994728088378906 36
1779160412985 33.05693435668945 37
1779160412987 32.96990203857422 38
1779160413000 32.82682418823242 39
1779160413000 32.74586486816406 40
1779160413000 32.7265625 41
1779160413015 32.53360366821289 42
1779160413015 32.39982986450195 43
1779160413031 32.368045806884766 44
1779160413031 32.270877838134766 45
1779160413047 32.43752670288086 46
1779160413047 32.28287887573242 47
1779160413063 32.23947525024414 48
1779160413063 32.19843673706055 49
1779160413079 32.194252014160156 50
1779160413079 32.2232780456543 51
1779160413095 32.180641174316406 52
1779160413104 32.007999420166016 53
1779160413104 32.062862396240234 54
1779160413119 32.001529693603516 55
1779160413119 31.90621566772461 56
1779160413135 31.8249568939209 57
1779160413135 31.81827735900879 58
1779160413135 31.81145477294922 59
1779160413151 31.769498825073242 60
1779160413151 31.840547561645508 61
1779160413167 31.690404891967773 62
1779160413167 31.828453063964844 63
1779160413186 31.72317123413086 64
1779160413186 31.67975616455078 65
1779160413201 31.66251564025879 66
1779160413204 31.546667098999023 67
1779160413216 31.60894203186035 68
1779160413216 31.6455020904541 69
1779160413216 31.51824951171875 70
1779160413232 31.465686798095703 71
1779160413232 31.570022583007812 72
1779160413248 31.49313735961914 73
1779160413264 31.44585418701172 74
1779160413264 31.641231536865234 75
1779160413264 31.528329849243164 76
1779160413280 31.45938491821289 77
1779160413280 31.537372589111328 78
1779160413304 31.51601791381836 79
1779160413306 31.517803192138672 80
1779160413316 31.35318374633789 81
1779160413316 31.57889175415039 82
1779160413332 31.510875701904297 83
1779160413332 31.583959579467773 84
1779160413349 31.296289443969727 85
1779160413349 31.450794219970703 86
1779160413365 31.304418563842773 87
1779160413369 31.311670303344727 88
1779160413380 31.370107650756836 89
1779160413380 31.29948616027832 90
1779160413396 31.357519149780273 91
1779160413412 31.443744659423828 92
1779160413421 31.380327224731445 93
1779160413421 31.525636672973633 94
1779160413437 31.43686294555664 95
1779160413437 31.315149307250977 96
1779160413450 31.094226837158203 97
1779160413450 31.27111053466797 98
1779160412688 77.05338287353516 0
