1779160412688 12195.0419921875 0
1779160412700 2123.275390625 1
1779160412700 2047.996826171875 2
1779160412715 1972.9127197265625 3
1779160412715 1960.1085205078125 4
1779160412732 1913.86572265625 5
1779160412747 1886.5560302734375 6
1779160412747 1876.5123291015625 7
1779160412763 1863.447509765625 8
1779160412763 1856.47998046875 9
1779160412779 1853.699462890625 10
1779160412787 1851.2037353515625 11
1779160412787 1828.722412109375 12
1779160412803 1838.218017578125 13
1779160412803 1813.6495361328125 14
1779160412803 1802.577392578125 15
1779160412819 1818.1165771484375 16
1779160412833 1813.6365966796875 17
1779160412833 1802.5833740234375 18
1779160412849 1797.07958984375 19
1779160412849 1779.98291015625 20
1779160412865 1798.5108642578125 21
1779160412865 1785.4130859375 22
1779160412881 1782.5047607421875 23
1779160412887 1784.94677734375 24
1779160412887 1782.492431640625 25
1779160412903 1771.2701416015625 26
1779160412903 1756.718017578125 27
1779160412903 1764.6025390625 28
1779160412919 1753.60986328125 29
1779160412933 1755.746337890625 30
1779160412937 1756.5474853515625 31
1779160412937 1734.4295654296875 32
1779160412950 1755.4776611328125 33
1779160412950 1721.7734375 34
1779160412966 1736.9447021484375 35
1779160412966 1726.2218017578125 36
1779160412985 1727.5914306640625 37
1779160412987 1727.2760009765625 38
1779160413000 1701.5897216796875 39
1779160413000 1696.3978271484375 40
1779160413000 1697.444580078125 41
1779160413015 1675.3255615234375 42
1779160413015 1664.8953857421875 43
1779160413031 1663.56591796875 44
1779160413031 1652.9935302734375 45
1779160413047 1664.191650390625 46
1779160413047 1650.10791015625 47
1779160413063 1645.916259765625 48
1779160413063 1646.18896484375 49
1779160413079 1646.1964111328125 50
1779160413079 1645.947021484375 51
1779160413095 1645.1575927734375 52
1779160413104 1625.909912109375 53
1779160413104 1629.0369873046875 54
1779160413119 1624.178955078125 55
1779160413119 1612.2275390625 56
1779160413135 1598.1868896484375 57
1779160413135 1603.5167236328125 58
1779160413135 1605.964111328125 59
1779160413151 1595.010009765625 60
1779160413151 1613.2513427734375 61
1779160413167 1593.27783203125 62
1779160413167 1603.370849609375 63
1779160413186 1601.24560546875 64
1779160413186 1589.363525390625 65
1779160413201 1589.671630859375 66
1779160413204 1580.700927734375 67
1779160413216 1586.3526611328125 68
1779160413216 1591.0924072265625 69
1779160413216 1579.2633056640625 70
1779160413232 1572.277587890625 71
1779160413232 1583.7105712890625 72
1779160413248 1577.6514892578125 73
1779160413264 1569.046630859375 74
1779160413264 1581.61962890625 75
1779160413264 1575.1396484375 76
1779160413280 1573.9248046875 77
1779160413280 1579.011962890625 78
1779160413304 1574.77587890625 79
1779160413306 1574.6651611328125 80
1779160413316 1562.1656494140625 81
1779160413316 1585.5772705078125 82
1779160413332 1576.5948486328125 83
1779160413332 1583.7481689453125 84
1779160413349 1555.50390625 85
1779160413349 1568.6263427734375 86
1779160413365 1554.649658203125 87
1779160413369 1554.025390625 88
1779160413380 1560.2080078125 89
1779160413380 1556.6729736328125 90
1779160413396 1559.3057861328125 91
1779160413412 1576.6685791015625 92
1779160413421 1560.649658203125 93
1779160413421 1571.729736328125 94
1779160413437 1566.9027099609375 95
1779160413437 1564.8621826171875 96
1779160413450 1537.024169921875 97
1779160413450 1553.0692138671875 98
1779160412688 12195.0419921875 0
